0.000 4.123 8.944 2.236 5.916 10.296 5.000 2.236 13.000 0.000 3.000 2.236 1.414 4.243 13.038 9.220 0.000 1.732 20.905 14.283 2.646 1.000 1.414 3.742 14.422 11.269 11.533 15.362 8.602 1.000 5.657 8.888 2.236 3.162 0.000  
0.000  
5.657 3.162 4.359 4.000 7.483 0.000  
7.681 11.832 8.544 15.264 2.646 23.979 5.745 5.657 2.646 11.874 2.236 18.248 12.124 3.606 6.708 33.272 26.907 9.000 0.000 2.449 7.681 15.033 19.261 10.149 26.173 16.523 3.162 15.330 9.000 5.099 5.916 9.747 19.287 17.378 33.272 49.295 9.950 46.303 45.946 1.000 3.873 17.407 3.317 22.091 1.732 26.153 3.464 12.042 4.899 4.690 20.322 17.578 5.099 1.000 15.000 2.000 16.432 4.359 15.166 17.407 16.553 15.033 1.414 6.403 4.359 3.162 5.657 3.464 73.844 16.583 4.899 47.255 1.000 17.117 17.916 4.796 11.832 16.125 4.243 11.269 1.000 14.457 17.748 0.000  
3.742 2.449 2.828 1.000 9.110 2.000 0.000  
8.660 9.000 1.000 9.950 1.414 2.000 2.236 0.000 2.828 9.798 5.916 1.000 3.742 13.748 11.091 3.464 0.000 1.000 1.414 6.928 7.483 7.616 11.747 7.937 1.414 5.831 4.243 0.000  
10.000 5.196 13.077 3.000 3.873 2.000 1.000 3.317 18.138 11.136 0.000  
0.000  
1.000 0.000  
5.916 2.236 3.162 6.164 4.899 18.111 17.720 2.236 7.280 44.777 32.772 8.000 7.280 4.243 5.000 16.000 18.055 16.462 26.211 17.804 2.236 13.115 9.539 4.123 4.243 5.831 18.574 14.491 39.166 40.062 9.000 49.386 48.114 0.000 2.646 22.045 2.449 17.146 5.745 30.643 8.944 8.062 6.083 5.657 16.912 19.774 7.000 3.000 15.264 2.828 11.874 5.292 8.944 17.861 10.198 19.416 5.099 7.681 3.742 1.732 8.185 1.732 62.825 18.520 2.449 39.141 0.000  
0.000  
2.236 4.000 0.000  
1.414 2.828 6.083 2.236 0.000  
2.000 4.243 2.236 2.000 4.359 12.410 4.796 2.000 4.690 2.449 2.000 5.385 8.185 5.196 6.481 2.828 1.000 2.000 3.000 0.000  
4.583 2.449 0.000 0.000 12.207 7.071 2.000 3.464 0.000  
10.000 2.236 4.243 33.196 25.884 10.724 7.874 1.000 4.899 19.875 23.345 17.521 23.409 17.205 3.000 12.329 17.263 6.856 2.000 3.606 28.284 14.177 42.485 27.622 8.718 43.658 45.111 6.245 4.472 25.338 1.000 15.492 9.695 34.395 8.426 4.472 10.770 4.000 11.358 19.925 5.196 3.606 9.747 3.742 10.198 1.000 12.247 15.067 6.083 14.866 3.742 3.317 2.000 4.583 8.660 5.657 50.468 17.117 2.828 45.837 3.606 22.517 5.745 5.831 1.414 12.450 7.071 10.770 3.742 16.882 21.541 6.708 6.928 16.793 3.162 9.000 36.455 28.583 11.180 3.162 10.440 9.165 8.000 3.000 35.071 36.359 11.533 11.916 15.000 1.414 15.937 60.638 7.616 28.142 4.690 8.185 0.000  
2.000 5.568 23.979 17.407 5.000 2.449 1.000 6.481 14.283 12.806 11.790 13.964 14.142 2.449 9.899 7.681 5.292 1.732 1.414 11.180 10.677 24.474 17.972 4.899 27.495 28.355 3.162 2.236 14.731 2.449 12.610 7.746 18.138 8.718 4.472 3.873 2.828 8.246 14.248 2.646 2.000 6.782 2.449 6.481 2.449 6.000 10.392 7.937 13.000 2.828 4.243 2.000 2.000 5.292 1.000 32.879 9.000 1.000 23.601 0.000  
2.236 4.472 3.742 0.000 0.000  
10.583 6.481 2.000 4.000 1.000 2.828 7.746 7.874 5.657 7.616 5.477 4.243 5.831 1.414 1.000 0.000  
45.453 16.217 10.488 4.583 7.483 40.150 44.911 22.847 46.904 25.080 6.708 20.761 24.759 4.690 11.136 5.385 38.013 20.785 77.104 63.111 12.845 87.080 94.191 6.325 4.243 44.000 3.464 28.705 14.283 59.330 12.083 12.166 8.602 7.616 25.357 37.908 10.536 3.000 16.462 8.367 15.843 5.745 15.427 30.033 11.358 28.583 6.325 9.950 5.292 6.633 13.077 5.292 102.708 27.695 3.317 79.693 4.000 27.495 10.149 8.426 12.649 22.760 5.196 20.976 4.899 27.276 32.496 5.477 10.724 14.491 6.928 11.747 65.590 55.803 20.591 7.616 21.610 12.369 12.490 6.325 66.723 50.299 19.975 20.347 24.310 6.245 27.148 111.597 14.866 37.283 7.348 11.136 3.873 15.875 11.225 8.775 7.810 8.185 40.620 62.282 18.735 12.369 24.393 22.913 5.568 14.036 26.287 25.080 2.449 8.246 12.124 4.583 50.804 51.284 3.606 27.166 56.745 14.967 34.044 20.881 9.644 76.138 14.422 10.440 20.322 5.292 19.570 4.796 47.021 6.245 97.268 53.944 6.083 25.259 10.677 5.292 12.288 13.528 38.781 1.000 5.196 8.775 11.662 6.481 31.177 55.982 7.937 14.832 6.481 32.818 8.602 5.099 9.000 22.316 43.000 7.141 87.613 20.543 68.571 82.722 37.175 79.530 13.856 9.165 20.347 6.403 33.181 68.848 14.663 20.640 17.263 52.345 35.468 8.307 39.887 12.042 23.833 36.973 9.695 9.695 23.896 10.296 9.487 29.547 11.402 4.243 102.430 35.341 35.553 10.817 34.857 5.568 6.481 16.031 14.422 14.177 10.583 52.202 10.296 5.916 37.921 25.942 16.155 5.831 3.317 57.402 9.055 6.928 17.205 25.884 113.723 9.220 9.644 5.745 6.083 38.053 103.576 13.000 3.873 108.407 14.967 44.944 14.283 8.124 26.077 16.852 66.204 20.224 6.856 22.316 8.602 16.279 19.235 44.744 6.164 28.425 15.716 8.660 37.961 19.235 6.083 56.338 17.972 8.062 64.140 29.783 4.796 33.511 8.307 9.000 34.670 12.570 17.916 3.000 19.519 7.348 19.748 24.940 25.020 67.668 3.464 5.000 63.859 5.831 23.917 6.557 7.416 14.697 19.925 5.916 6.856 11.662 97.750 16.093 51.585 35.057 41.593 8.000 15.297 7.616 13.454 3.464 11.489 7.681 10.954 62.306 8.775 11.446 23.979 21.095 13.964 16.523 1.000 11.136 3.317 4.899 11.180 44.261 14.832 16.000 69.419 4.899 16.401 78.224 8.367 9.165 15.748 18.083 18.111 5.000 10.050 9.644 73.185 6.856 10.392 7.000 7.681 44.193 6.928 7.874 3.606 9.327 6.000 14.491 4.000 7.483 7.280 48.198 100.747 11.662 4.000 35.637 10.296 5.657 16.823 3.317 4.000 4.359 4.472 8.832 35.114 10.770 6.708 53.273 8.246 4.359 42.673 55.344 8.185 7.071 17.776 9.899 4.123 9.381 9.434 32.879 6.856 7.141 32.588 6.000 11.489 12.649 2.000 8.000 7.937 40.410 9.381 6.633 8.426 4.796 7.483 5.099 8.832 26.344 6.083 11.225 10.050 39.357 3.742 4.583 52.431 6.782 23.580 20.736 5.000 6.403 6.000 0.000 8.307 1.414 21.095 8.426 122.556 4.123 12.649 11.790 74.095 6.782 31.686 23.022 5.745 9.220 4.243 3.606 29.069 17.833 33.045 15.780 18.000 22.045 8.307 105.100 18.385 6.708 11.314 3.606 6.325 33.660 6.000 27.258 17.776 8.307 18.735 6.557 7.141 52.154 13.528 21.260 18.276 64.815 10.247 6.856 27.441 6.325 95.179 15.232 8.775 6.000 6.481 4.243 15.684 17.464 70.682 76.046 57.576 42.426 9.274 8.307 7.071 9.000 9.592 11.000 13.304 4.000 7.000 6.856 5.385 12.806 27.767 21.977 11.619 15.460 7.681 30.676 6.325 34.161 4.243 26.211 9.055 9.592 11.747 5.000 12.923 18.083 32.787 10.724 0.000 21.048 80.722 8.124 7.483 39.268 25.846 19.261 5.000 4.583 4.690 8.124 13.454 14.457 20.149 38.987 26.758 48.570 4.690 2.646 6.782 34.073 5.568 27.295 62.498 62.064 89.677 123.215 4.899 6.928 5.385 0.000 32.772 88.848 23.238 14.318 16.673 6.856 33.808 10.344 6.856 34.132 7.348 52.726 34.569 6.000 7.874 18.083 61.465 54.553 4.690 35.525 10.677 74.565 40.817 59.017 8.602 5.745 62.594 3.606 10.817 26.019 72.670 4.000 24.637 8.367 4.000 39.975 9.899 59.724 9.434 3.000 20.000 111.252 85.919 9.434 65.322 76.935 4.472 18.412 9.220 19.053 7.746 28.879 9.000 7.000 6.083 13.416 30.561 72.712 4.123 5.196 4.899 15.166 21.909 7.937 14.866 10.909 11.225 9.849 5.831 16.523 9.220 6.782 114.830 113.411 31.081 7.348 4.899 11.314 15.330 31.464 4.123 66.828 14.387 15.133 23.495 80.050 4.899 5.099 29.513 39.077 2.000 64.869 10.440 64.094 11.790 6.557 5.916 11.662 9.899 21.119 71.757 37.256 18.221 26.533 40.187 49.234 7.348 18.193 9.381 6.000 3.317 4.123 4.899 10.488 7.810 21.564 8.544 8.062 9.165 14.318 15.811 96.788 2.449 5.477 90.000 3.873 10.344 90.819 6.245 4.472 48.877 34.670 26.287 16.763 10.583 4.796 10.677 33.808 2.828 10.488 9.000 20.688 7.348 8.485 22.694 18.330 11.358 13.115 6.083 34.900 18.221 36.235 6.000 18.574 8.544 15.620 11.619 46.723 11.000 56.152 12.042 18.028 21.977 16.371 7.280 5.657 36.878 4.123 15.556 1.414 77.402 21.977 26.077 12.490 3.606 13.077 10.050 32.326 2.236 9.695 28.723 46.325 6.856 10.440 22.847 12.083 5.196 15.843 5.477 18.330 21.954 2.449 13.077 8.602 39.912 5.196 15.906 16.186 13.115 24.021 10.247 10.536 19.416 18.841 9.055 3.162 31.305 13.820 5.916 31.448 38.704 20.075 6.856 12.124 19.053 9.487 12.083 5.099 2.236 20.372 59.042 9.899 54.599 25.573 11.045 9.000 7.141 15.524 3.317 27.713 12.728 7.280 72.478 106.410 3.162 8.000 3.000 22.738 9.000 5.385 19.621 3.873 28.196 51.662 6.083 17.607 6.164 26.627 15.133 0.000 18.762 13.304 7.000 10.344 10.440 26.344 3.162 71.344 4.123 6.000 14.491 128.277 18.628 16.031 3.317 12.923 58.890 8.426 12.610 1.732 8.832 7.746 8.544 24.779 7.937 2.646 11.045 8.124 10.050 1.414 24.576 6.325 6.164 44.272 76.668 53.263 8.944 5.916 7.348 58.043 11.790 8.426 16.000 6.083 3.742 42.988 23.495 5.477 10.954 2.828 9.849 13.454 36.959 56.214 10.770 6.928 37.363 9.695 66.068 12.570 98.691 26.058 38.626 34.307 17.436 89.944 20.000 5.099 1.000 13.820 19.824 6.928 6.708 20.396 6.325 7.071 7.874 6.000 6.928 36.097 7.616 2.646 44.351 19.672 40.583 5.099 18.841 75.093 25.534 5.099 13.820 47.318 126.704 15.232 10.954 4.796 9.539 6.000 11.619 7.211 81.566 9.592 69.116 13.000 11.619 5.385 56.595 20.149 12.570 121.918 5.099 89.432 13.675 8.832 19.287 37.709 9.110 79.032 10.198 10.247 10.392 9.327 11.225 30.332 7.071 30.414 11.225 7.141 6.325 3.000 10.344 7.348 96.866 8.307 14.629 6.928 20.591 11.747 76.197 4.000 20.857 14.107 6.557 26.571 15.067 20.273 74.606 5.657 31.623 13.000 17.635 6.000 79.756 80.069 113.961 4.243 8.544 8.485 103.600 75.980 5.099 36.538 8.660 33.601 18.166 1.414 10.100 6.325 101.985 5.292 16.279 18.138 47.875 31.305 17.117 12.329 18.000 33.211 4.243 58.703 21.024 24.413 56.241 37.000 6.633 29.052 12.610 21.260 8.246 13.153 11.576 5.196 17.607 3.742 5.292 12.083 0.000 10.149 4.899 7.141 25.060 14.629 33.422 16.793 5.000 6.481 29.223 19.925 10.149 63.992 20.199 7.416 11.747 8.246 4.123 8.062 5.477 106.410 20.905 8.660 15.033 7.141 4.796 8.602 5.745 15.033 24.495 5.196 4.243 5.568 7.141 14.071 5.000 42.391 25.962 17.578 6.856 10.536 75.914 32.680 7.616 5.292 5.916 50.685 27.386 27.240 70.859 21.331 57.991 10.488 18.028 11.747 5.196 72.925 11.576 102.225 97.118 28.408 15.264 12.000 7.348 40.706 12.207 87.207 11.747 15.000 4.796 19.391 13.892 9.695 9.110 10.677 9.220 25.768 16.279 8.246 81.117 7.874 12.207 7.874 32.818 26.420 8.124 6.633 5.916 29.715 11.358 4.000 110.770 20.000 10.344 25.040 12.000 7.416 5.000 13.229 5.099 29.223 80.349 3.742 66.340 9.644 9.055 7.071 9.950 45.089 17.550 105.849 6.928 4.359 5.916 24.290 23.896 5.568 4.690 9.055 11.958 7.810 45.299 8.544 7.681 8.660 40.927 3.606 6.782 7.348 82.219 70.880 2.236 5.099 33.719 7.280 7.000 23.537 37.041 9.798 6.633 10.770 6.856 19.950 8.124 11.489 11.225 58.830 2.828 5.000 38.833 102.167 25.788 11.916 7.211 53.404 14.283 3.606 47.906 8.718 19.416 18.547 62.698 14.799 94.266 79.674 3.162 5.831 53.582 6.928 6.928 14.071 36.359 14.353 13.038 7.550 7.550 8.544 37.497 12.288 13.115 8.426 3.000 4.123 4.000 12.207 4.243 8.775 22.271 10.770 10.344 41.893 27.092 72.360 5.196 51.691 8.888 17.349 55.839 10.344 38.249 5.292 6.856 13.454 16.763 56.462 9.747 12.689 26.096 5.831 20.518 17.321 21.024 14.595 36.346 7.874 49.000 9.849 7.550 29.917 10.954 23.000 4.123 6.708 42.860 41.929 4.000 8.832 3.000 2.236 7.071 12.845 24.166 5.292 13.784 13.191 11.358 5.657 19.723 37.696 109.545 48.959 8.775 26.192 71.638 10.724 8.000 7.483 8.944 22.650 27.911 8.660 6.708 7.000 18.166 5.568 28.601 18.547 8.185 13.928 26.230 72.076 9.274 17.321 30.676 97.913 31.417 8.246 9.165 15.906 20.224 9.487 40.976 22.935 6.245 20.100 11.402 4.000 45.957 18.166 8.062 6.633 49.163 62.064 8.246 13.491 67.000 35.539 18.520 50.438 7.681 25.159 6.325 44.911 7.681 118.402 27.641 44.609 8.888 1.414 12.530 27.857 104.614 14.353 50.458 8.124 5.916 9.327 123.037 8.660 1.732 42.261 7.874 8.062 15.588 5.916 26.382 6.481 77.782 5.477 6.164 4.359 79.133 4.690 3.606 7.280 29.799 3.162 7.211 131.351 9.055 18.412 9.055 10.909 10.296 29.257 5.000 12.410 6.164 8.307 2.828 7.937 7.937 8.888 3.606 3.317 8.367 18.412 9.274 32.527 104.413 11.576 13.748 102.635 16.248 6.245 70.271 46.206 5.831 19.748 120.594 14.933 6.928 6.325 19.026 3.317 53.339 58.112 61.612 18.520 12.042 3.873 34.073 7.071 80.833 8.544 131.198 24.920 70.817 6.708 15.937 25.199 4.123 9.592 12.000 5.745 39.522 8.124 20.833 21.749 4.583 18.708 13.416 7.000 8.426 6.164 66.506 6.928 10.440 111.692 4.899 14.595 91.000 5.657 21.817 4.123 5.196 14.799 6.403 5.292 6.083 4.690 3.873 20.445 107.522 1.414 6.403 37.736 75.040 77.852 22.159 12.369 22.204 11.619 14.107 2.236 3.873 57.306 2.828 7.937 101.435 5.916 3.742 16.462 11.091 11.314 80.081 4.796 10.000 4.243 8.185 35.889 33.000 11.790 28.231 6.083 116.533 7.937 6.000 28.636 4.472 3.873 54.672 22.383 8.485 10.488 37.723 5.745 13.304 9.110 13.191 9.110 5.196 11.225 10.440 7.211 38.013 18.303 19.672 14.248 127.212 11.533 5.099 8.718 6.325 74.377 5.916 7.810 9.487 49.709 13.675 20.174 118.385 7.874 11.874 6.481 17.263 44.755 7.000 54.387 6.782 17.378 54.443 101.134 14.526 62.777 12.845 6.000 10.488 16.912 14.036 42.178 5.000 3.000 6.325 21.331 0.000 55.218 29.428 23.367 11.958 3.742 6.481 85.493 19.925 38.210 45.574 9.644 7.071 31.241 10.100 8.544 24.083 14.832 17.321 8.426 9.798 2.646 10.488 20.445 4.690 6.083 5.568 29.189 4.583 2.449 96.255 33.347 104.986 9.539 82.079 16.643 3.162 63.592 60.531 38.884 8.246 37.470 53.694 6.856 12.490 3.000 20.881 76.531 15.330 11.358 21.886 28.443 5.000 8.544 8.185 85.100 27.821 69.239 25.020 2.000 129.491 29.377 22.561 9.055 6.928 6.633 5.477 7.348 8.367 6.708 13.454 15.199 4.583 19.900 2.449 62.386 9.327 19.698 28.792 8.426 50.990 8.775 17.776 37.987 26.439 9.899 9.747 19.698 2.828 34.059 5.916 8.602 16.462 9.487 8.062 17.292 6.403 24.495 1.414 6.164 9.849 30.480 44.542 17.263 114.957 12.410 46.228 72.014 7.681 7.810 6.782 59.983 56.214 9.798 3.873 5.292 6.000 17.088 3.162 15.232 4.690 36.359 10.770 73.593 2.236 28.705 15.000 24.839 5.385 14.248 14.933 31.032 120.888 35.171 6.633 6.928 6.928 47.885 39.013 11.045 7.280 7.746 19.235 7.810 9.695 11.576 4.796 121.454 15.232 47.529 76.564 47.812 4.123 10.817 2.646 35.299 109.339 6.928 17.088 82.885 5.477 8.718 4.899 46.109 5.477 8.062 4.243 5.477 5.099 3.742 29.155 31.670 56.400 4.796 6.708 23.812 9.381 2.646 13.748 42.000 50.458 9.798 9.849 21.494 16.248 8.660 38.171 25.179 41.797 46.422 5.196 10.440 20.616 6.928 49.689 9.747 3.317 70.221 10.296 22.583 4.123 123.280 115.356 20.664 7.141 15.067 10.149 22.738 9.899 3.000 6.164 40.583 77.711 17.578 18.921 0.000  
11.832 6.708 0.000 5.657 23.495 23.580 18.358 28.054 20.494 5.000 18.276 14.560 4.472 6.481 5.099 24.083 17.029 46.347 43.555 12.806 54.800 55.642 0.000  
0.000 0.000 3.162 9.055 13.491 7.874 11.874 10.149 0.000 8.602 6.164 0.000  
0.000  
1.000 2.449 2.646 1.000 3.606 0.000  
7.681 7.681 3.162 4.899 2.646 0.000 1.000 5.745 1.000 1.000 0.000 6.083 3.162 11.045 5.000 1.000 10.817 13.784 5.000 3.317 7.280 0.000 3.873 1.000 11.136 2.000 5.831 0.000  
40.939 21.213 38.066 16.432 5.568 10.770 20.905 5.568 6.164 1.414 23.195 17.436 56.400 32.280 5.292 68.007 73.932 4.690 3.000 28.054 3.162 18.493 8.944 41.737 7.937 5.000 5.292 4.690 13.304 26.777 7.681 3.000 5.831 3.606 9.220 1.414 13.038 15.492 8.602 17.436 5.657 9.381 3.464 5.099 9.644 4.000 68.746 9.487 3.606 69.325 1.000 29.547 4.690 6.403 3.606 20.421 3.000 8.062 7.681 19.209 14.526 3.162 6.782 13.711 4.899 10.198 68.790 30.447 19.339 2.236 17.972 9.644 6.782 3.000 50.289 38.536 18.921 10.817 22.226 4.796 21.424 85.463 11.958 22.450 2.000 7.000 3.162 11.358 10.198 3.000 3.317 7.280 36.579 38.562 17.436 11.446 19.698 22.338 3.000 7.810 15.067 25.040 0.000 6.856 4.359 5.477 22.472 49.870 0.000  
20.469 36.111 16.643 7.280 12.530 21.726 5.568 9.110 4.472 25.278 17.059 64.707 38.730 8.124 62.801 73.226 5.477 4.359 30.741 3.464 22.383 11.045 39.306 6.928 6.083 5.657 5.568 16.279 33.511 7.280 3.317 7.550 12.083 9.695 3.162 14.177 16.673 10.000 15.524 2.236 5.099 5.385 5.196 10.344 3.162 74.485 14.731 5.099 68.971 3.162 24.779 2.236 4.000 6.245 23.601 5.916 11.091 1.732 18.028 18.083 4.899 6.481 13.000 4.000 7.616 62.817 33.808 17.349 4.243 15.843 9.274 8.426 3.317 58.489 41.485 13.491 11.916 19.235 6.708 19.570 77.414 14.071 25.807 6.403 8.426 4.123 12.369 9.747 5.292 3.162 6.164 32.619 35.454 17.205 11.000 22.361 20.174 3.162 7.937 14.560 24.269 1.414 9.055 8.660 2.449 25.377 55.606 2.646 12.845 29.223 12.530 19.416 16.492 9.274 67.052 6.164 6.633 18.974 6.245 13.528 5.099 34.366 3.464 100.344 41.905 3.000 19.698 12.490 4.899 9.899 7.616 28.810 0.000 5.196 10.909 12.530 6.928 20.494 46.368 6.633 14.422 6.325 26.721 6.481 3.000 8.246 20.298 40.963 4.690 71.014 21.142 61.303 60.523 21.587 47.917 9.327 4.690 14.629 3.873 18.815 43.139 5.292 17.493 6.782 41.929 21.772 4.359 46.228 6.708 14.967 23.345 4.690 3.317 13.964 9.055 8.888 19.209 7.746 3.464 76.276 24.515 19.494 7.874 33.615 3.606 4.472 11.358 8.944 10.100 5.916 51.498 5.745 4.123 31.702 29.086 13.077 2.646 1.000 57.158 12.961 3.317 8.246 22.650 71.505 7.211 4.899 4.899 4.123 26.287 72.284 11.958 5.000 92.331 10.817 25.219 12.923 9.165 21.494 13.928 47.676 15.906 9.165 13.784 2.236 6.245 8.718 26.721 4.690 21.190 10.149 6.083 26.115 13.000 6.557 38.197 17.776 4.583 47.624 24.166 10.770 27.731 4.796 3.873 25.357 7.874 17.436 4.690 15.588 3.873 12.288 15.906 20.199 47.508 3.162 4.243 58.813 6.000 16.279 2.449 7.211 13.454 20.174 2.236 3.742 5.657 78.581 10.909 40.890 28.758 25.652 6.928 8.944 3.317 10.050 5.099 9.747 5.292 5.568 58.086 5.196 13.748 8.602 13.784 10.247 11.000 2.236 4.899 4.359 7.874 3.873 33.121 9.644 7.874 62.121 4.690 12.450 61.514 4.359 5.831 9.592 13.153 13.191 2.236 4.472 5.385 52.479 4.123 7.000 4.123 4.359 28.566 1.414 3.742 3.464 4.690 4.000 8.485 2.236 2.449 5.477 33.437 68.169 5.831 1.000 24.940 6.164 1.000 12.767 2.236 4.000 4.000 4.359 2.646 27.129 7.280 4.796 41.893 4.899 3.162 30.708 45.100 5.831 6.633 10.149 6.000 4.123 6.481 8.888 22.249 7.000 4.583 21.772 5.292 3.873 8.485 3.317 10.000 3.464 44.576 6.000 0.000 5.657 6.325 8.718 6.928 9.434 20.000 4.583 7.550 6.481 32.435 3.606 4.123 37.363 2.449 19.875 18.439 3.464 5.000 4.796 1.000 4.243 1.000 13.379 5.099 83.582 5.292 5.745 10.247 61.147 3.317 23.770 11.136 3.317 6.557 3.464 3.000 18.520 9.950 29.866 11.000 14.071 15.652 7.211 67.439 12.961 8.944 9.644 3.162 4.899 40.768 4.359 21.954 13.856 4.000 15.875 2.646 5.916 46.530 8.062 18.894 13.000 46.022 6.083 3.317 26.401 8.000 58.881 13.416 11.662 2.828 5.000 1.414 15.937 17.349 52.029 59.431 31.623 42.391 6.708 6.164 1.732 6.403 3.742 6.633 4.583 1.000 6.856 3.873 0.000 12.728 18.166 27.550 7.280 12.610 6.633 20.761 6.481 37.430 3.162 12.689 8.246 4.000 5.916 2.449 9.849 7.483 25.239 7.348 1.414 11.619 50.448 10.100 3.162 27.185 14.387 9.274 4.796 3.000 5.831 3.000 11.489 9.644 13.964 32.711 24.819 41.917 4.359 4.000 4.899 33.926 2.449 15.100 49.649 44.632 76.779 84.202 4.472 8.062 1.732 0.000 22.494 57.524 13.229 10.724 10.863 4.123 18.735 10.149 4.472 28.284 6.856 47.021 20.372 3.873 7.000 11.747 44.811 42.685 3.162 19.545 10.724 48.135 28.636 37.987 7.280 4.583 52.820 6.557 8.888 27.495 55.893 2.236 19.950 5.568 3.317 23.937 9.434 50.804 9.434 0.000 15.524 81.890 46.368 14.697 57.175 49.699 3.873 16.912 8.718 17.205 5.385 15.716 6.245 7.280 5.292 12.083 24.000 65.711 4.243 5.196 0.000 16.186 15.395 3.162 10.909 10.488 16.523 6.000 6.403 12.767 14.248 3.873 95.734 85.029 23.108 4.243 4.690 13.748 11.790 13.964 7.483 54.203 13.964 9.950 21.071 69.000 3.873 4.123 18.788 29.983 2.236 38.936 3.873 60.225 11.874 2.000 3.606 10.909 9.381 12.570 59.152 28.231 14.900 21.190 30.150 28.740 6.000 11.269 7.937 3.162 5.657 2.449 0.000  
19.950 17.349 3.000 4.899 15.524 2.000 4.243 3.317 20.075 11.446 36.401 21.517 5.745 40.386 39.674 2.828 0.000  
18.520 5.831 17.146 18.601 8.832 8.307 4.472 18.221 18.303 59.186 52.574 7.550 69.656 74.014 3.162 1.414 31.225 2.000 23.087 5.568 37.829 6.856 4.359 4.690 3.742 22.605 29.530 7.280 4.690 11.402 2.828 7.874 3.742 13.491 19.000 8.888 17.263 4.690 6.245 6.557 4.000 10.296 3.162 92.027 18.083 2.449 66.791 1.732 29.682 3.742 5.916 5.657 18.894 4.123 11.916 4.000 21.772 20.664 5.099 10.630 12.806 5.196 8.426 62.073 37.630 17.804 1.732 22.935 11.619 9.487 3.000 52.764 43.704 18.083 11.747 20.809 4.796 20.100 73.878 9.798 27.767 3.606 7.681 1.414 11.225 12.610 6.245 3.317 6.782 32.094 44.373 14.071 10.000 17.292 19.672 2.646 8.944 20.445 18.601 3.742 12.124 3.606 3.162 29.360 56.436 2.449 12.845 36.152 12.369 20.976 16.492 3.606 62.233 7.348 6.083 14.000 7.483 14.731 3.742 33.377 1.414 98.138 47.718 4.000 25.495 11.000 3.873 7.280 6.633 32.140 3.162 1.414 6.557 9.274 6.557 25.060 45.640 2.236 9.899 5.385 28.636 7.141 1.414 3.606 15.620 26.058 4.000 74.377 14.799 62.642 60.638 27.404 52.498 12.124 4.796 14.799 2.236 28.723 55.812 6.708 17.176 13.454 44.609 25.865 5.292 38.974 9.899 15.906 20.248 3.000 4.899 12.207 7.416 9.165 21.886 6.481 1.732 79.385 31.953 26.096 5.745 39.294 3.317 4.690 9.487 10.198 9.000 5.745 59.211 5.657 1.732 23.749 33.196 18.358 2.646 4.000 54.268 12.689 5.385 9.165 20.050 68.367 2.000 3.000 2.828 5.196 28.267 87.915 10.954 4.359 105.627 10.724 24.515 10.100 9.220 21.095 12.570 53.085 20.736 7.280 16.971 3.000 10.536 8.185 25.040 4.690 18.111 12.410 9.644 28.983 13.077 9.434 56.780 16.523 3.000 44.866 27.404 5.916 27.911 6.083 5.385 22.428 8.426 11.225 4.472 15.588 4.899 17.088 16.093 21.213 56.391 5.477 3.162 44.967 6.633 13.928 3.873 8.426 12.806 18.358 4.472 3.464 6.325 86.626 7.550 44.385 25.632 24.166 3.464 8.062 3.606 10.677 1.000 8.426 5.000 2.828 64.637 5.196 7.348 12.689 19.519 12.728 13.416 0.000  
4.123 8.718 11.402 2.236 4.123 3.162 17.521 11.045 32.326 23.622 7.746 37.723 35.930 0.000  
4.123 5.916 3.000 1.414 1.000 3.464 2.449 8.602 6.000 2.000 8.000 10.863 0.000  
7.616 1.414 4.359 0.000 9.381 9.327 22.113 24.474 6.633 23.664 25.436 0.000  
3.162 6.164 2.236 14.248 12.124 41.085 18.055 5.099 38.262 38.652 3.162 1.414 21.886 2.236 10.440 7.141 23.065 3.742 6.245 4.583 1.000 7.141 18.762 5.000 3.162 2.449 4.899 2.236 3.317 8.718 11.446 3.742 11.136 5.099 4.243 2.000 4.690 6.325 3.464 37.497 6.325 0.000 40.583 0.000  
0.000 0.000  
2.000 4.690 3.873 12.000 10.392 0.000 11.619 12.923 0.000  
2.828 5.000 4.243 9.950 4.000 6.856 6.928 0.000 0.000  
15.906 50.200 31.749 6.164 54.305 55.471 4.359 2.236 28.284 2.449 22.627 7.746 27.911 6.000 4.472 6.245 1.000 15.716 20.905 6.481 3.606 7.141 5.385 7.348 1.000 13.038 17.088 6.782 11.045 2.828 4.000 3.606 2.236 7.280 7.348 67.402 14.353 0.000 59.414 1.000 23.108 1.732 5.196 2.449 11.662 4.472 10.440 1.414 16.941 18.974 5.196 4.243 11.576 2.646 8.426 46.925 26.739 12.083 2.236 12.961 9.539 4.690 1.000 44.328 44.677 12.369 13.304 14.526 1.000 17.916 58.890 11.446 31.241 2.236 8.000 3.742 8.944 8.544 5.196 4.000 7.211 29.052 27.586 12.083 9.798 15.620 12.490 1.414 7.416 13.748 18.028 4.472 8.544 4.583 3.742 21.610 43.681 2.000 5.477 29.631 7.550 20.050 8.775 4.243 54.507 9.055 5.196 11.662 5.831 6.164 2.236 27.641 1.000 71.701 27.695 5.000 24.880 9.110 3.317 6.164 4.359 26.758 3.000 1.000 5.292 9.110 3.606 20.075 25.884 3.000 10.954 5.657 30.952 4.583 4.000 4.796 19.183 17.692 1.000 59.439 14.177 49.102 41.725 20.199 29.138 5.568 6.000 14.900 2.000 20.421 40.509 3.742 11.180 6.164 29.326 18.894 2.449 37.789 7.810 15.133 18.138 5.657 1.414 14.000 3.873 4.796 14.000 7.000 3.317 56.675 19.925 24.556 7.000 32.265 0.000 3.162 4.123 6.708 7.000 4.359 36.263 3.000 3.317 16.523 25.259 15.067 3.317 3.000 45.299 8.832 2.000 11.662 17.550 39.774 2.449 3.464 2.828 6.000 16.279 66.753 10.583 2.449 77.595 4.123 17.117 9.434 6.633 15.330 11.705 33.541 13.675 13.038 11.045 2.449 5.477 7.348 21.954 6.000 13.528 9.327 8.485 18.708 12.570 4.123 34.103 13.964 7.348 37.229 26.211 4.690 31.875 5.916 3.606 26.096 11.533 6.928 0.000  
29.462 25.060 5.292 33.971 35.029 3.162 5.099 15.652 2.828 10.724 5.745 23.770 4.899 3.162 3.162 3.162 9.849 14.036 2.449 3.162 4.583 2.449 8.888 0.000  
67.919 13.229 120.495 121.371 10.536 4.583 52.962 7.211 39.636 16.673 74.893 13.528 11.358 10.630 7.141 24.940 48.187 12.042 4.690 16.793 11.358 18.974 6.245 22.561 30.903 16.062 31.081 8.888 12.124 6.481 10.149 15.620 6.633 136.099 23.896 3.742 121.091 3.873 44.340 6.633 11.091 8.944 32.187 6.633 23.281 5.745 31.129 31.922 7.550 10.677 24.819 5.385 15.684 98.798 63.961 27.148 7.000 30.100 16.733 14.697 3.606 94.768 76.092 28.390 22.338 31.177 6.856 34.900 150.306 19.875 51.254 8.367 9.899 6.557 20.224 15.969 9.327 8.944 14.000 54.470 70.079 26.514 15.460 33.882 30.512 7.348 12.806 29.648 41.437 4.472 13.304 11.314 9.055 47.802 85.691 4.583 28.460 57.061 18.439 33.061 26.665 11.832 116.134 14.318 12.124 35.944 9.434 24.617 7.746 53.722 6.633 150.306 69.520 5.099 38.601 19.313 3.162 14.866 14.866 53.310 3.317 2.828 14.765 17.550 4.243 38.872 75.439 8.544 24.759 9.327 45.717 11.619 6.633 15.716 33.287 59.615 7.416 127.165 26.870 105.679 104.848 39.623 95.619 12.806 8.944 26.627 6.000 38.079 81.621 13.153 23.580 16.703 69.484 38.575 9.798 68.154 12.490 22.136 42.226 10.770 10.440 28.213 15.427 12.728 36.332 12.083 5.657 136.989 37.041 38.588 12.083 52.144 5.657 7.874 17.833 16.093 21.703 10.344 85.094 6.782 6.481 48.816 48.775 25.020 5.568 4.123 92.693 19.950 10.000 15.620 34.322 134.436 12.166 9.381 7.483 10.770 50.468 135.329 16.279 5.385 162.160 17.720 42.638 21.977 13.379 37.603 25.923 83.833 26.627 16.125 23.979 6.928 15.330 14.697 53.188 5.292 30.447 17.521 13.964 40.398 22.181 11.180 74.666 24.372 7.616 84.510 40.583 8.185 50.567 10.149 10.440 38.756 18.193 22.405 5.568 26.889 4.899 21.772 23.791 31.953 81.927 8.832 5.916 100.519 9.110 27.386 7.810 12.923 19.596 34.670 5.000 6.164 12.450 141.025 17.521 73.362 51.205 54.249 11.045 15.780 6.856 15.969 8.246 14.283 11.180 9.000 92.081 12.124 20.640 20.298 26.382 16.763 21.448 5.657 9.487 4.583 8.246 10.724 55.561 18.000 17.944 94.393 3.317 21.494 108.005 6.928 12.961 13.928 21.703 28.178 1.000 7.348 12.961 90.183 8.660 10.392 5.099 8.124 56.974 8.307 8.062 11.576 10.050 4.000 14.526 4.899 6.000 6.928 64.023 134.086 11.619 4.472 39.038 13.266 4.472 17.748 7.416 2.236 8.062 6.633 11.662 45.420 10.909 9.274 71.470 7.141 6.557 48.073 80.981 10.536 6.325 18.735 11.402 6.708 12.490 15.875 45.891 10.149 9.000 41.569 5.745 10.909 11.402 6.164 10.198 10.863 75.087 9.747 6.708 10.100 5.477 9.950 6.403 12.166 29.360 7.874 13.153 10.247 56.657 6.782 8.775 67.875 10.247 35.609 26.382 7.071 7.280 10.100 1.000 6.403 4.243 25.788 9.000 151.684 6.928 12.767 15.033 112.147 6.856 44.598 20.591 8.185 14.318 10.630 2.236 34.814 16.882 49.558 17.493 21.354 32.894 8.367 126.463 23.173 13.416 16.462 5.657 10.724 67.446 8.185 35.242 27.893 8.775 25.357 5.196 10.677 78.829 16.583 32.711 19.287 79.082 12.610 9.849 43.347 9.798 117.881 23.367 18.166 4.359 7.000 4.899 27.441 24.678 94.106 103.812 60.803 70.157 12.166 14.697 7.280 9.798 7.000 10.440 10.630 4.359 6.782 8.660 6.403 18.138 27.185 33.630 13.892 15.937 10.817 28.653 10.630 59.008 5.568 23.875 8.775 7.746 11.489 3.742 14.731 12.806 50.478 11.747 6.000 20.543 99.177 12.845 8.544 44.317 23.580 19.157 6.481 6.481 6.083 8.185 17.205 17.029 21.772 50.170 32.265 63.190 5.477 5.568 8.367 45.717 6.000 29.900 76.033 89.017 123.641 159.245 6.164 14.900 6.481 2.000 43.486 113.789 22.935 18.841 17.349 8.062 34.684 16.401 8.544 43.359 9.747 75.060 38.717 4.690 8.185 21.448 76.230 70.128 4.000 33.136 13.565 87.184 50.537 76.131 8.426 6.928 84.232 9.000 12.530 47.085 93.979 6.164 29.866 8.718 6.325 45.541 15.427 89.336 15.780 3.162 24.536 160.562 95.431 22.935 87.327 97.036 5.745 26.077 16.401 26.038 12.649 28.983 13.711 9.381 4.690 19.313 32.094 108.264 4.000 7.874 5.196 18.547 27.295 9.950 16.613 16.553 23.685 10.817 11.916 22.561 23.345 6.164 164.362 144.115 42.415 9.487 5.000 20.372 20.445 27.495 14.318 91.137 22.361 17.578 32.062 115.035 7.280 4.583 36.797 54.891 5.385 68.440 9.055 100.005 17.944 5.745 7.211 17.059 16.401 20.518 105.266 48.847 21.378 39.064 57.559 48.114 6.083 21.863 11.916 5.477 10.149 7.071 3.464 13.711 10.817 29.343 12.490 11.662 14.142 14.832 20.224 111.991 5.477 13.304 119.281 6.782 8.888 127.984 5.916 6.245 70.484 45.244 28.653 37.081 9.487 6.481 13.964 53.703 2.646 16.340 9.220 18.193 7.937 6.928 33.705 27.532 14.177 11.832 7.211 43.370 22.891 36.000 6.000 21.354 9.055 17.321 13.638 63.317 16.217 87.710 24.495 31.081 26.325 20.905 7.874 6.782 34.828 11.874 19.774 6.557 134.060 21.932 37.135 17.029 10.296 14.799 7.550 33.181 5.196 10.677 32.109 59.825 10.677 9.644 26.552 19.261 4.359 15.524 11.269 18.221 29.648 10.392 11.705 8.544 46.626 5.916 23.622 24.062 16.733 42.036 11.790 11.314 19.672 28.231 8.124 4.243 46.411 16.155 7.348 47.655 37.135 24.207 8.367 12.083 19.519 15.875 16.093 10.050 3.162 26.721 86.660 11.790 62.921 27.911 16.155 7.810 12.000 16.971 6.000 46.658 9.747 8.426 99.920 146.758 8.124 7.937 6.403 24.960 8.367 5.916 24.880 3.000 42.872 72.201 12.247 20.125 10.630 29.052 22.091 3.742 21.610 15.524 5.745 17.378 15.875 33.645 4.796 114.869 6.481 8.062 26.889 161.437 22.271 17.321 5.831 19.313 76.720 5.657 15.362 4.243 8.718 15.716 12.728 27.459 9.487 7.141 10.583 10.863 10.488 6.856 35.426 6.557 11.358 63.435 107.648 69.000 9.798 6.403 6.557 80.218 17.776 7.000 18.947 8.062 9.747 65.108 21.237 5.000 8.544 6.325 14.387 21.213 61.025 78.077 15.748 11.446 42.036 10.583 91.115 19.053 133.828 40.927 53.981 41.012 21.587 122.446 19.365 5.099 5.099 13.856 18.708 7.280 11.958 30.561 4.359 10.817 7.416 10.000 8.307 58.583 6.403 6.782 46.626 25.040 49.920 7.071 20.785 95.383 24.434 12.649 16.062 61.911 171.038 20.298 18.248 6.928 12.410 7.874 12.207 7.348 120.171 11.832 76.948 9.274 16.248 5.292 91.908 29.428 18.439 176.290 7.616 115.603 17.944 10.536 18.762 39.674 9.747 100.185 9.899 7.280 11.662 5.099 17.000 41.425 7.681 31.209 11.705 7.681 8.062 5.385 12.689 10.296 127.656 13.675 16.217 8.832 26.758 14.107 99.985 3.606 16.971 14.629 11.533 30.903 15.000 28.337 112.996 7.348 49.467 16.553 17.776 7.348 98.458 106.536 165.714 10.050 10.000 8.888 133.150 103.615 6.403 45.022 7.874 41.073 19.287 3.000 13.528 8.544 137.899 3.000 17.146 17.550 56.560 42.837 19.875 18.358 26.439 34.670 6.782 77.589 28.671 43.313 72.581 38.756 10.247 46.519 13.379 18.193 9.327 14.526 11.358 7.550 20.567 4.690 8.544 11.747 3.742 11.832 7.000 10.863 28.844 18.628 59.313 26.211 5.000 6.164 25.923 24.779 9.644 69.864 25.962 7.141 12.845 11.489 4.899 18.439 8.246 144.755 22.428 11.045 20.199 8.246 4.359 11.533 7.937 19.261 36.647 6.245 8.485 8.888 9.539 20.785 6.325 40.497 30.050 16.912 11.180 7.280 110.914 37.162 11.705 7.071 8.944 63.781 25.749 38.210 96.633 26.944 69.814 12.884 20.125 12.450 6.708 77.692 12.767 182.417 128.176 34.496 15.395 15.652 7.483 49.427 13.266 113.565 16.093 21.726 3.000 32.634 18.815 10.863 16.971 12.207 8.544 27.532 17.407 15.166 109.927 10.909 16.523 9.165 32.373 28.000 10.344 14.213 5.657 46.583 16.062 6.403 159.455 18.111 14.731 29.223 19.157 9.899 6.000 14.526 6.856 43.818 90.995 6.708 74.893 10.954 6.083 8.000 13.266 72.222 20.664 136.583 11.662 7.071 2.236 30.100 24.920 9.592 7.550 8.718 12.806 9.434 59.892 18.682 8.124 8.775 56.152 6.000 10.488 5.916 124.032 96.592 9.055 6.856 37.483 7.874 5.196 37.709 52.345 12.649 8.426 11.533 7.141 26.458 8.602 14.491 9.000 81.750 5.477 4.243 57.602 154.389 36.701 11.225 7.348 58.172 16.523 7.483 61.188 13.856 23.302 20.809 87.316 17.176 123.195 98.864 2.449 8.660 70.817 6.708 10.149 13.416 51.517 19.494 15.492 12.845 6.481 10.724 39.837 15.297 17.916 7.071 5.916 4.472 4.583 14.491 5.000 10.198 24.454 17.578 11.180 47.350 34.670 92.612 8.660 61.400 16.882 21.048 74.047 14.422 48.765 9.592 10.198 13.601 21.378 76.583 12.570 15.780 30.480 4.243 23.791 16.823 32.696 21.656 62.442 6.000 51.498 12.288 10.392 44.418 10.198 35.972 2.828 11.091 43.220 54.845 9.110 9.798 3.464 4.243 7.280 14.933 24.454 5.477 18.974 14.142 13.491 8.000 26.096 53.376 148.179 60.481 7.071 34.814 95.404 16.971 10.100 12.042 9.055 22.494 25.259 8.062 9.798 8.775 16.583 9.747 28.583 20.688 15.652 16.941 31.890 92.617 10.344 17.436 35.285 130.549 35.763 13.892 12.124 17.493 25.060 10.198 50.754 28.460 9.644 30.887 11.916 4.123 75.033 21.142 13.638 6.083 74.485 82.055 9.798 12.610 77.563 46.648 19.339 65.544 6.708 42.261 4.123 52.211 7.000 160.950 24.434 65.909 8.185 7.211 12.083 31.796 147.746 12.124 54.891 7.937 11.958 9.487 160.334 6.856 2.236 68.059 7.348 10.050 26.211 8.832 23.388 7.810 89.833 11.358 8.718 6.403 85.586 11.000 4.472 11.358 31.097 6.782 7.000 211.085 10.050 20.298 7.616 12.083 10.954 28.284 6.708 10.909 10.344 10.198 3.162 6.083 9.110 8.485 3.317 3.000 12.728 19.875 10.954 44.136 154.638 10.198 18.193 147.034 17.550 8.124 108.623 56.169 10.863 35.185 152.830 20.174 11.269 11.180 21.794 5.000 58.924 69.361 68.081 23.022 13.964 3.317 49.709 7.280 102.820 8.944 153.971 29.967 88.136 7.000 18.601 26.058 10.863 11.619 13.153 6.083 58.660 8.544 23.516 30.232 5.196 21.000 16.093 5.657 12.767 5.657 76.616 11.619 13.748 182.003 7.071 16.673 125.379 7.746 20.785 3.606 10.344 19.339 7.071 5.568 7.810 8.944 6.000 28.513 128.086 4.123 13.856 46.583 90.631 90.183 23.108 13.304 34.044 14.832 15.100 4.000 7.280 68.819 5.196 17.176 141.616 6.557 5.477 23.087 10.583 7.416 130.330 11.790 8.426 6.000 4.690 57.948 29.631 12.767 39.598 7.211 152.437 8.775 10.954 50.517 8.888 1.732 78.460 29.223 15.588 8.307 47.297 8.062 15.100 16.340 12.530 13.153 6.708 17.176 10.488 9.747 43.920 19.799 22.605 20.712 212.035 15.199 4.243 8.000 5.196 107.327 7.616 7.416 8.307 76.655 16.703 29.479 147.736 14.595 9.110 9.644 18.000 72.450 6.403 85.381 9.592 18.028 80.237 132.250 20.469 71.309 17.176 6.633 11.225 29.034 20.736 60.745 6.164 1.414 7.681 29.866 3.873 78.390 28.705 20.664 14.967 5.000 7.071 105.090 24.536 43.209 60.943 13.416 6.856 46.347 12.649 11.314 22.650 18.138 26.173 10.909 9.434 4.899 15.556 28.460 4.899 6.856 6.000 39.090 7.071 7.000 135.429 40.792 160.053 14.595 102.499 13.115 5.292 75.326 82.262 40.112 7.071 39.038 60.291 8.485 12.166 4.359 33.257 87.818 23.473 15.133 30.790 37.934 8.062 12.806 5.292 117.341 38.066 89.922 29.749 5.000 191.945 38.105 23.259 16.000 9.274 5.385 10.050 6.633 11.045 12.649 12.083 23.495 8.660 20.664 4.472 90.631 18.000 24.718 38.626 11.136 61.360 6.708 28.302 42.143 28.688 9.899 27.441 24.495 4.123 42.403 5.657 8.888 20.688 10.440 7.483 22.825 7.348 30.741 5.745 9.747 12.410 35.199 58.292 17.889 175.274 10.344 38.105 99.875 12.207 9.327 7.483 93.899 78.702 16.248 5.916 6.083 6.245 24.269 3.317 14.595 6.403 40.768 10.149 83.851 3.162 41.809 13.454 34.742 7.071 17.000 18.083 42.344 163.196 47.571 5.657 7.937 9.000 60.704 47.812 6.557 7.550 8.000 21.190 8.602 7.000 16.340 4.000 150.283 13.229 48.826 95.828 73.878 7.874 16.279 4.899 39.547 169.968 6.633 19.774 109.877 12.207 7.416 4.359 46.840 4.123 9.950 3.000 7.810 7.681 7.810 28.513 42.143 70.235 7.746 5.477 25.278 16.401 4.123 12.530 43.578 61.725 9.747 9.274 20.567 26.344 10.909 43.726 27.767 56.842 58.983 5.196 12.649 27.074 9.327 66.166 13.266 7.937 83.696 12.649 30.659 8.775 171.523 170.877 36.661 14.353 16.823 11.874 31.464 14.283 6.782 4.000 44.396 128.425 16.340 20.050 4.000 17.234 21.656 122.323 7.937 7.874 27.477 12.806 5.196 6.782 33.882 13.675 12.247 3.464 4.899 48.436 62.913 8.367 23.473 125.300 10.247 30.480 27.459 28.583 6.481 109.540 1.732 31.796 17.436 9.539 18.735 2.828 6.325 15.524 73.912 27.000 20.347 30.083 23.022 8.485 40.571 26.249 5.385 28.636 4.123 69.527 52.460 9.592 5.657 96.695 20.688 52.058 23.937 6.164 24.474 10.770 10.392 30.676 73.103 210.613 8.544 15.033 7.416 7.280 43.509 21.190 79.586 10.000 10.770 20.591 50.369 5.831 26.153 40.583 27.803 15.684 11.269 35.930 14.866 14.526 50.398  
10.677 86.793 91.071 3.464 5.831 34.627 7.141 33.912 7.211 47.244 9.644 11.533 5.292 4.583 33.166 34.234 9.539 3.162 24.718 4.796 15.937 8.485 22.405 26.268 22.159 24.515 5.385 9.592 9.381 7.071 11.747 4.000 136.338 22.869 6.325 83.499 3.873 31.749 8.124 7.280 15.588 26.721 7.141 17.088 3.162 21.190 26.268 6.083 15.133 12.884 5.099 17.804 63.506 45.200 16.310 11.874 37.881 12.166 13.638 3.000 61.717 49.649 20.809 17.804 20.616 12.728 26.646 123.519 14.560 30.676 8.832 10.296 3.317 14.595 12.247 10.817 5.745 5.292 33.000 58.241 14.595 10.050 18.815 19.053 7.348 14.213 28.618 17.944 5.385 16.000 14.663 4.690 51.293 57.411 5.292 21.679 60.514 8.944 34.395 13.266 3.162 78.765 7.616 7.141 14.107 8.944 16.432 3.162 47.896 6.782 117.299 54.982 7.071 29.799 12.530 3.873 9.592 13.638 36.373 3.000 5.477 7.681 10.954 11.314 28.125 51.000 3.317 12.207 7.141 30.659 15.843 7.416 6.403 17.176 30.232 5.568 91.258 20.664 76.059 81.394 40.000 74.599 19.950 9.000 16.248 2.000 45.749 75.617 12.410 28.460 18.574 66.573 41.857 11.958 51.381 16.310 30.282 31.193 7.746 8.888 14.457 7.681 12.288 28.018 8.544 3.317 110.716 48.487 54.295 10.296 45.200 7.746 4.243 14.799 10.149 11.136 8.062 58.224 10.000 5.831 29.206 35.355 26.038 3.742 5.745 57.602 9.434 4.690 14.595 19.875 112.597 5.657 8.544 5.385 8.888 33.377 131.992 20.712 4.583 134.562 15.716 38.510 13.711 17.635 29.103 15.524 74.920 34.655 6.000 14.071 4.796 21.071 11.747 32.955 6.633 28.983 14.177 11.314 58.481 18.921 12.329 91.154 14.457 7.746 58.181 30.430 7.348 31.544 9.165 5.745 31.591 14.353 11.916 4.243 16.432 8.832 28.723 27.514 21.048 89.660 7.937 3.742 60.745 10.000 16.971 6.325 8.307 18.466 16.155 6.782 8.367 10.344 112.792 11.358 46.087 34.161 35.114 4.359 12.961 3.742 13.266 2.449 8.000 7.071 13.115 71.456 7.616 7.937 20.298 16.279 10.488 16.093 1.732 12.570 2.000 6.928 10.583 65.955 11.705 17.804 76.837 6.928 13.675 75.604 5.916 9.644 17.176 20.761 14.560 3.317 10.770 10.392 88.448 7.746 13.342 2.828 3.606 68.513 4.243 7.211 5.292 7.746 0.000 9.592 5.477 9.274 8.426 40.706 100.135 10.817 3.464 37.229 11.045 5.745 24.310 2.646 3.606 5.196 6.164 5.657 29.850 11.446 10.817 47.634 4.000 3.606 31.843 55.272 11.446 5.568 22.136 9.747 3.742 8.124 7.141 24.083 4.123 10.630 22.000 6.083 9.055 7.681 5.831 7.746 8.888 51.740 17.578 6.481 3.317 5.568 2.828 3.317 4.359 22.716 5.657 8.660 11.489 40.509 3.606 6.856 50.090 9.165 15.843 18.921 2.236 2.828 7.071 0.000 6.245 5.916 12.884 6.856 145.520 4.000 9.381 10.817 70.803 7.746 22.738 19.442 2.236 5.831 5.000 1.414 21.977 15.780 32.924 15.748 14.283 22.159 6.782 115.741 17.407 6.245 6.325 3.742 16.062 43.932 10.536 24.980 17.436 14.629 16.340 2.828 7.211 49.244 12.247 20.881 25.690 56.062 17.664 5.657 26.721 4.000 92.962 25.199 11.832 6.481 11.225 3.873 15.937 16.553 71.631 71.316 73.831 35.057 7.810 8.000 8.485 7.550 5.916 8.485 8.944 3.000 7.616 5.831 4.243 19.287 23.643 17.607 12.166 21.886 5.657 43.738 3.606 48.280 5.196 22.405 13.153 10.392 12.042 4.243 15.264 21.331 40.410 12.450 0.000 26.420 91.060 7.141 5.657 50.279 21.448 17.464 5.000 7.071 7.483 5.196 11.091 9.220 17.407 31.559 22.428 40.792 5.477 5.477 6.083 48.114 2.828 26.944 70.207 56.356 95.420 131.666 5.477 6.325 5.385 2.449 24.576 78.026 29.240 15.330 21.119 6.000 28.583 10.817 7.550 24.352 8.124 51.691 26.627 5.385 7.416 21.190 88.949 38.223 2.646 38.197 6.403 67.469 33.211 50.170 9.055 13.266 58.095 8.775 5.831 31.464 70.178 5.000 21.954 5.831 7.483 31.922 18.248 56.965 10.909 3.873 16.492 138.960 97.488 10.488 70.114 98.529 9.695 16.401 10.817 18.841 7.937 23.409 9.220 3.464 6.856 10.536 45.044 76.046 4.690 4.243 5.657 9.327 37.417 6.708 19.545 11.136 11.269 6.000 7.280 12.923 10.724 9.950 139.083 121.795 29.257 4.359 4.583 15.811 10.000 27.731 6.000 78.829 13.565 11.747 18.111 107.884 2.646 6.000 48.826 31.464 1.414 50.180 6.481 60.655 10.954 5.196 10.247 8.660 8.944 33.226 72.215 24.576 14.036 24.576 32.772 70.788 3.000 18.708 13.266 5.916 5.745 7.874 5.831 10.630 13.711 20.785 6.856 5.292 11.402 14.177 11.225 100.593 2.449 13.229 93.659 8.062 9.487 102.088 5.385 9.747 42.626 38.197 36.428 20.543 7.280 3.873 7.810 26.665 5.745 8.944 7.937 16.643 8.426 5.099 20.976 13.491 10.296 8.426 7.071 40.546 22.825 33.496 8.426 13.856 7.071 11.533 17.916 44.181 5.745 61.547 16.031 26.077 18.028 24.228 13.191 5.000 30.561 2.449 14.765 1.732 101.188 19.000 24.900 12.450 3.742 12.806 11.874 34.424 4.472 6.481 27.946 35.199 7.483 13.638 22.271 12.649 5.477 17.550 7.874 21.863 16.852 5.000 12.728 7.348 43.749 9.592 11.705 14.107 8.185 23.065 13.342 8.124 16.093 18.868 13.077 5.831 37.457 16.733 4.123 47.582 31.969 25.788 8.485 7.071 14.560 9.220 19.672 6.633 3.606 15.969 58.335 8.718 43.417 24.021 24.637 6.633 5.568 21.656 3.873 30.083 15.166 13.964 74.719 118.334 2.000 6.782 4.690 22.891 6.633 7.416 22.716 3.162 27.111 49.487 5.916 15.427 10.863 15.297 15.100 0.000  
13.379 16.882 0.000  
146.003 8.832 3.606 52.182 6.245 43.635 12.767 91.902 13.748 14.526 11.269 7.874 32.512 48.156 16.401 5.000 18.868 7.348 22.472 8.367 26.211 29.967 20.174 35.327 10.344 12.329 6.782 7.810 15.100 10.344 165.475 26.608 3.606 133.368 3.000 55.579 11.225 8.544 9.274 32.924 9.539 24.062 8.185 37.014 35.454 6.633 13.229 28.775 9.695 24.880 131.647 72.360 37.310 6.245 40.187 20.833 15.264 7.348 100.856 84.362 35.665 21.024 43.186 7.280 43.909 186.735 21.633 57.184 6.325 11.402 5.385 18.894 17.889 9.165 9.000 13.342 68.615 85.627 28.740 22.627 37.643 36.277 5.196 13.675 32.357 43.818 3.464 16.432 14.000 4.583 57.175 104.091 5.745 35.763 64.622 24.474 34.857 33.630 12.288 134.904 16.093 9.899 37.590 13.454 26.268 4.359 61.830 7.550 175.781 82.329 5.000 46.087 23.281 7.681 11.958 16.031 66.038 3.742 6.481 11.874 18.493 7.416 51.137 88.904 9.000 24.597 11.619 49.356 11.619 7.348 14.526 37.470 59.607 7.874 147.868 27.423 109.672 115.991 46.163 117.337 16.492 9.110 25.904 5.385 46.989 98.412 14.799 24.839 18.221 80.037 43.255 11.576 72.719 17.578 33.196 51.507 12.207 9.644 29.292 17.349 11.747 41.049 11.180 6.481 153.486 47.329 49.143 12.000 64.730 7.211 6.708 13.856 17.916 23.580 9.798 112.254 5.916 6.782 42.661 62.650 30.133 3.464 6.856 105.451 23.917 9.381 17.292 36.919 164.897 7.616 10.392 8.246 10.440 61.474 159.637 18.000 6.164 195.328 18.493 48.765 27.221 17.720 43.405 28.125 97.365 31.749 17.944 27.111 5.745 18.055 15.684 57.123 8.426 32.619 17.234 13.964 50.239 26.981 13.304 108.379 30.741 8.775 90.349 48.239 13.191 58.992 9.055 12.000 40.522 20.976 19.545 9.747 33.000 9.487 30.757 27.368 43.267 104.235 10.536 7.280 105.394 11.358 31.812 6.708 15.748 22.338 40.200 6.928 6.782 15.395 161.849 22.068 98.066 61.806 56.895 14.900 17.521 5.000 17.521 3.000 19.313 13.379 9.381 123.418 13.601 16.310 21.749 34.015 21.307 26.514 4.899 11.958 7.483 10.770 10.440 79.347 18.412 21.794 104.657 3.873 23.664 123.681 8.602 13.928 16.031 23.302 35.539 2.646 9.434 11.446 99.035 9.055 12.083 5.292 10.050 71.428 5.745 8.124 10.247 10.344 6.325 21.494 5.196 7.000 9.487 72.519 154.764 11.402 4.899 55.100 12.610 7.348 22.627 9.950 2.000 11.402 6.633 10.724 56.480 10.050 11.136 80.703 8.426 7.416 51.778 85.645 13.266 6.708 23.685 8.062 8.544 14.142 12.490 49.820 10.392 14.526 51.069 7.681 8.246 14.526 4.243 11.000 12.450 92.574 13.528 8.485 13.565 5.000 8.307 7.483 7.071 29.698 6.083 12.649 8.062 67.897 8.246 10.488 83.349 10.817 41.905 26.173 4.583 9.274 9.849 1.414 6.856 5.000 28.601 9.434 196.987 7.071 14.799 15.033 140.207 8.888 48.744 24.372 10.909 11.225 10.954 2.236 41.183 21.378 59.152 20.100 17.263 37.175 10.000 157.953 21.237 15.620 13.153 7.071 12.000 83.899 8.602 38.962 34.771 13.266 32.202 3.742 11.619 90.416 18.628 35.369 24.576 99.443 14.629 9.592 44.643 7.616 132.518 34.756 24.413 5.099 8.185 5.292 34.482 25.080 122.658 114.965 77.672 74.337 12.369 15.232 11.576 14.000 6.000 11.402 8.367 2.449 11.662 10.536 4.472 20.736 32.481 34.971 12.689 16.371 12.166 31.385 9.695 67.779 6.325 30.299 11.489 8.367 11.091 5.568 13.820 14.387 68.250 14.832 6.083 23.854 115.417 9.327 7.141 53.320 22.869 20.616 8.832 5.477 8.485 10.149 20.857 20.396 27.731 49.629 29.069 71.512 8.485 6.782 9.274 51.788 6.633 30.919 89.045 106.944 147.414 181.813 8.426 16.279 6.245 4.690 42.095 127.189 30.249 19.261 18.520 8.944 38.026 11.874 8.426 58.249 9.000 83.259 42.767 5.657 11.619 27.514 91.782 76.766 3.742 44.587 6.403 104.843 61.172 90.094 10.954 8.185 88.267 7.211 11.790 55.579 107.995 6.245 25.612 11.180 6.164 46.249 19.079 117.644 14.866 5.292 28.758 186.949 115.308 27.982 94.138 123.458 6.856 31.369 20.322 21.354 14.457 29.715 12.166 9.220 4.583 22.181 36.222 130.905 6.557 7.416 5.385 16.941 38.536 7.211 18.655 21.886 30.496 9.220 13.675 24.637 28.178 11.958 181.885 185.911 48.683 5.477 6.164 22.361 20.050 34.147 16.217 101.183 24.799 20.928 34.351 124.197 7.874 4.000 49.508 54.185 6.245 81.449 11.446 111.575 19.105 5.916 11.000 17.833 12.369 24.900 111.620 48.539 18.894 44.688 65.460 60.465 8.888 22.249 15.811 8.660 8.544 7.071 7.937 15.460 12.570 26.627 11.314 8.775 16.031 18.628 22.517 122.931 7.416 18.412 149.726 6.245 7.550 139.556 6.633 7.000 81.847 48.631 34.699 41.905 12.610 8.246 13.454 51.923 2.646 14.866 10.000 22.627 9.327 11.576 39.774 32.296 14.387 13.711 8.426 45.266 25.690 43.669 8.185 18.193 11.136 19.698 21.424 68.797 12.247 119.088 29.766 37.443 27.185 23.238 9.849 5.568 42.568 7.874 23.388 4.690 142.671 21.213 43.543 17.321 9.327 17.234 11.402 31.432 4.690 12.490 37.590 59.708 11.358 12.845 31.241 22.159 6.928 19.235 13.892 19.849 39.256 10.770 11.747 8.660 52.259 10.149 28.914 27.240 17.833 45.133 9.487 12.689 23.473 36.014 12.767 3.162 41.280 16.733 10.488 60.390 41.231 24.125 8.307 11.402 22.181 21.726 17.692 12.490 5.099 16.613 101.252 11.619 73.722 28.896 20.000 10.488 9.165 18.574 5.568 48.816 12.570 11.136 114.861 175.442 9.381 8.718 6.708 27.946 8.367 5.745 25.942 4.359 45.188 84.048 13.964 19.900 10.149 28.931 24.960 2.646 25.397 16.941 8.307 15.000 14.900 40.571 8.485 144.966 7.681 9.000 30.166 204.509 24.104 14.799 4.583 22.136 84.226 5.657 17.349 4.796 9.055 19.365 13.675 34.655 9.434 7.071 11.091 11.533 8.944 8.485 51.798 8.888 13.115 77.440 139.032 91.810 8.124 6.856 5.916 94.122 17.292 10.198 19.209 7.416 6.856 74.673 32.047 6.245 13.379 5.099 11.705 23.431 72.236 95.195 18.000 14.318 42.591 12.450 91.810 19.287 157.267 47.885 54.176 49.295 28.249 134.818 22.782 7.280 6.481 18.841 18.894 7.280 9.899 36.304 6.481 9.487 7.000 10.149 5.916 68.484 9.165 5.385 50.725 23.833 56.027 6.928 25.495 109.782 31.828 16.248 15.264 70.873 216.310 23.558 20.025 7.211 17.521 6.245 12.570 7.071 138.105 11.000 95.666 11.358 18.221 4.000 105.844 37.550 18.547 212.570 11.402 150.479 24.495 11.576 19.698 45.574 10.677 109.882 9.899 9.849 11.874 6.856 18.628 45.122 8.246 30.919 16.248 5.292 10.344 4.899 10.863 8.775 147.231 15.297 21.954 8.246 27.166 16.125 123.604 6.000 22.450 17.349 10.000 33.166 14.731 27.221 147.472 7.211 52.096 18.735 19.365 9.434 115.139 117.490 212.485 11.533 11.790 7.874 161.471 113.991 6.000 56.365 7.416 43.301 22.293 3.464 11.916 9.899 168.027 3.742 17.521 23.875 66.513 48.135 22.472 19.545 27.240 43.128 5.292 87.344 35.972 46.573 85.627 44.777 10.817 54.891 12.845 22.956 9.487 12.923 14.213 8.426 21.749 1.732 8.185 11.874 4.359 11.832 9.165 10.817 34.395 16.000 69.778 32.512 9.695 9.950 28.965 23.685 8.062 75.584 29.360 9.747 13.892 9.798 5.000 19.442 6.481 158.332 21.213 10.536 23.664 11.136 3.317 11.136 9.327 18.330 46.411 6.245 10.100 9.274 7.483 24.597 6.000 50.980 30.232 20.347 11.314 12.728 113.508 39.711 12.450 6.245 12.961 67.609 36.152 40.175 103.755 32.404 91.121 13.454 17.664 13.229 9.220 90.626 11.446 214.581 151.119 36.538 19.442 12.369 5.099 51.971 14.967 148.024 18.655 28.337 5.000 40.768 20.248 12.042 18.815 8.246 9.110 32.481 23.238 17.436 129.372 8.367 19.900 8.246 40.951 33.719 8.602 13.711 7.483 47.676 15.969 9.055 196.352 21.048 20.050 35.185 23.388 11.225 8.062 13.964 5.568 49.305 124.643 5.657 78.269 11.402 7.071 7.280 13.675 75.750 18.655 168.929 12.288 7.681 6.782 35.595 37.310 12.450 8.775 12.961 15.748 11.000 68.044 20.248 7.550 7.000 65.123 7.483 11.180 9.110 146.397 113.327 7.280 8.307 39.192 10.296 8.185 44.249 58.361 17.176 7.810 15.620 7.616 27.695 9.274 20.322 11.045 100.941 6.083 7.141 63.655 172.340 40.645 9.381 5.831 67.572 18.385 9.000 67.498 14.177 29.292 23.937 100.822 13.153 144.121 111.817 2.646 5.745 73.878 10.770 9.110 18.193 51.546 24.678 15.199 15.000 5.099 12.689 49.386 10.583 22.226 6.928 4.583 4.690 5.292 17.692 6.481 12.369 20.469 18.000 14.731 55.534 38.328 103.291 8.000 62.506 17.748 22.204 99.101 15.716 60.216 9.327 10.000 17.635 24.021 80.796 10.583 17.692 29.257 7.000 26.230 19.672 43.566 22.316 75.359 8.602 53.310 10.909 14.036 50.210 8.832 43.463 6.083 6.164 48.094 59.783 10.198 10.863 4.690 5.099 11.402 15.906 28.267 6.481 23.516 12.450 12.166 9.381 30.315 66.280 177.246 68.790 8.246 35.847 108.009 14.765 13.191 15.906 10.296 32.234 28.983 9.000 13.454 11.000 21.024 8.426 31.081 20.518 14.107 20.785 40.249 100.509 12.124 25.710 40.804 140.996 44.520 14.036 9.695 19.672 30.033 11.314 59.068 36.797 9.381 34.540 14.967 4.359 89.794 22.517 11.091 6.481 70.930 103.354 9.487 14.866 100.489 51.000 24.331 79.347 6.633 47.181 4.899 50.804 9.950 192.229 26.963 63.143 10.440 6.856 16.248 31.512 174.700 17.664 70.944 9.327 8.062 7.874 193.401 10.050 4.123 78.077 6.325 11.832 31.607 11.358 31.464 10.909 106.108 14.283 7.280 9.110 101.518 10.000 7.416 15.166 37.323 4.796 7.280 241.682 12.806 23.580 11.091 12.728 13.892 30.838 7.071 13.416 9.747 12.410 4.899 7.746 8.426 8.367 6.164 3.873 9.539 23.216 10.000 45.398 179.382 9.327 19.235 177.533 21.378 8.246 138.737 61.229 9.055 38.910 189.034 24.678 14.142 13.077 27.148 5.099 67.320 80.355 86.000 24.187 13.191 3.742 59.178 8.124 122.915 7.874 177.609 35.029 93.177 8.888 21.237 26.153 10.583 13.115 15.166 7.000 60.523 8.367 23.685 38.210 4.899 19.261 14.765 4.359 10.909 9.539 81.597 14.107 11.832 227.526 7.141 21.541 148.270 7.810 22.672 6.083 10.583 20.591 7.810 5.916 7.141 9.327 5.000 34.554 148.007 4.899 16.310 51.682 116.211 122.564 27.821 14.353 42.755 11.000 11.662 4.243 7.810 83.499 4.690 18.708 168.027 6.164 5.196 23.937 11.747 8.062 155.451 10.392 12.329 6.000 6.403 66.955 35.972 13.820 38.026 8.000 195.770 8.718 13.416 63.127 8.367 2.828 80.901 33.151 14.422 9.274 56.727 10.583 18.493 16.186 14.177 15.780 8.185 23.516 11.180 8.888 45.321 25.000 21.213 24.940 249.195 18.547 4.123 9.899 7.000 126.321 7.416 9.110 9.592 85.493 23.108 34.828 193.838 15.937 9.327 9.487 21.071 93.574 7.681 91.499 7.937 22.338 87.892 162.197 22.383 78.994 21.494 8.485 13.342 31.385 21.587 70.845 5.568 4.123 6.928 34.000 2.449 81.136 31.512 23.065 16.031 6.000 11.446 122.376 29.377 49.709 63.301 11.832 9.327 57.480 16.523 10.954 30.216 18.466 32.435 9.487 9.695 8.367 16.703 28.688 5.000 5.831 7.616 50.060 5.916 8.660 158.297 45.651 178.796 12.610 122.585 15.556 6.403 87.653 88.904 50.537 14.142 47.276 64.877 9.110 16.031 4.796 38.419 86.192 31.016 17.176 33.392 44.956 6.856 16.643 5.916 149.000 45.177 103.783 28.566 3.162 214.844 46.755 25.865 12.845 10.198 6.856 8.660 6.325 8.718 12.288 13.528 21.932 8.602 24.145 5.568 97.663 16.401 23.281 48.083 12.923 70.250 7.483 34.771 49.548 28.914 9.695 34.496 26.552 5.657 46.000 6.782 9.165 23.216 8.944 9.000 20.736 6.325 34.511 6.708 10.770 11.619 41.665 71.533 23.367 207.309 12.247 47.350 109.064 14.832 6.708 7.937 98.382 86.447 18.815 9.220 8.000 5.477 27.532 2.000 16.583 6.633 51.098 12.369 105.674 4.583 42.790 16.823 37.135 8.367 15.264 22.000 45.782 190.360 60.877 6.403 8.544 10.000 79.624 53.217 12.288 7.937 6.083 23.238 9.695 10.100 14.177 3.873 186.906 15.000 59.135 123.556 81.086 6.708 20.125 4.583 40.062 204.734 7.937 21.071 123.721 11.045 8.426 3.317 50.646 7.211 11.790 5.745 7.616 7.937 8.185 37.403 53.423 77.840 5.831 5.292 26.439 16.462 6.000 18.028 51.049 66.558 11.136 8.832 24.597 25.788 10.630 54.945 35.440 59.950 64.335 7.000 17.205 33.941 9.274 80.156 11.314 8.426 100.941 12.610 32.863 9.747 213.642 199.657 35.637 12.570 21.772 7.071 44.989 13.115 7.348 3.162 49.285 148.762 18.868 22.494 3.873 24.021 19.799 143.422 7.483 8.367 35.029 15.843 5.292 7.280 33.705 15.100 9.274 4.359 7.280 51.836 87.396 8.718 25.040 139.341 7.071 32.465 37.974 34.103 9.220 140.246 7.141 39.383 21.909 8.888 15.620 5.385 5.099 19.105 87.869 32.970 17.493 30.838 28.018 8.485 49.639 29.850 3.742 24.739 5.831 67.513 61.636 9.055 7.280 107.499 18.841 64.506 27.276 8.775 26.401 14.177 13.565 35.609 81.394 249.283 9.539 19.053 11.402 7.416 53.404 19.313 88.352 7.071 7.874 22.978 55.073 7.874 27.982 38.949 37.947 14.866 9.798 44.822 13.266 17.378 60.893  
9.644 7.681 56.223 6.708 48.083 17.059 84.587 14.900 13.675 8.718 8.660 36.208 54.360 15.067 5.477 17.176 11.446 21.024 7.681 26.627 33.823 19.183 33.196 9.899 14.387 7.416 8.485 18.601 8.485 191.838 28.160 4.690 145.962 5.745 52.163 10.909 7.348 14.213 43.151 7.616 24.678 8.000 36.742 37.709 8.718 15.232 23.791 8.602 16.971 130.664 67.705 34.641 5.916 43.162 19.647 16.000 5.477 107.541 79.894 35.903 26.287 40.768 8.944 42.308 183.720 25.729 53.694 7.937 13.784 9.798 22.605 18.762 10.677 8.832 13.856 65.635 83.654 27.350 20.736 35.567 38.769 6.481 16.462 34.670 45.596 7.874 17.205 14.560 9.381 57.271 108.028 7.550 28.000 71.540 22.181 42.872 35.917 12.207 138.726 16.279 12.083 32.542 14.107 29.715 7.616 66.933 6.782 214.558 93.402 7.000 43.474 23.917 8.367 15.843 17.692 61.968 5.099 5.568 17.000 20.952 9.539 45.321 92.488 11.180 23.791 9.747 48.990 12.450 8.660 15.199 34.641 72.829 8.124 156.125 33.166 119.076 127.624 48.518 118.284 17.748 10.583 26.211 8.124 47.191 106.719 13.491 31.305 17.176 83.211 49.061 10.344 83.893 15.843 31.859 45.858 12.490 9.747 28.965 17.234 15.937 38.549 14.177 3.742 184.347 56.125 52.211 12.845 68.884 8.062 9.539 20.785 17.692 19.157 13.266 120.216 8.367 11.314 56.365 61.992 34.424 7.681 6.782 109.503 23.580 8.485 18.868 38.756 182.217 12.767 13.342 9.899 11.619 53.066 180.632 19.925 7.616 227.207 19.261 50.408 25.768 17.578 44.632 24.413 97.826 36.222 18.028 27.928 8.124 16.432 17.059 56.736 8.000 38.079 19.261 14.491 61.984 29.052 14.967 102.703 29.445 7.810 93.381 49.244 9.950 58.267 9.644 10.536 49.759 17.378 22.738 10.296 31.480 10.630 25.318 30.199 37.175 117.358 6.928 9.539 115.974 13.711 31.843 8.832 14.663 25.807 39.013 7.348 7.483 13.229 173.465 18.547 90.989 58.779 54.129 13.229 16.613 7.211 19.596 6.557 16.912 11.533 13.038 131.666 13.784 19.442 21.354 30.919 22.136 29.580 4.243 13.565 6.000 14.318 12.845 72.540 19.442 20.785 116.159 4.243 23.108 128.884 8.544 15.166 19.799 25.690 34.467 0.000  
0.000 4.000 0.000 3.162 3.000 5.385 0.000  
1.414 0.000  
1.414 20.881 8.246 36.469 7.746 3.742 7.937 3.162 12.288 26.814 3.873 3.000 9.381 4.359 9.798 3.162 10.000 19.365 7.681 18.412 3.464 6.928 2.449 6.782 10.954 3.000 62.490 16.763 1.414 51.225 1.000 18.601 3.317 2.000 4.359 15.330 1.414 15.460 4.690 17.776 22.935 4.472 5.099 10.909 2.828 7.681 45.815 34.641 15.362 3.317 13.638 9.055 8.544 4.796 47.403 39.166 11.619 14.000 14.036 4.000 18.028 64.374 10.440 25.120 0.000 8.000 4.472 12.000 8.124 6.403 3.742 7.141 28.107 31.623 11.314 9.000 16.093 15.297 1.414 9.110 17.088 19.494 1.732 5.568 7.141 5.831 29.530 39.319 2.236 17.029 32.772 9.000 20.905 10.724 7.348 51.624 7.071 7.681 14.731 3.162 12.649 5.196 26.382 0.000 68.000 30.643 3.317 18.574 9.747 2.449 9.381 8.718 29.275 0.000 1.414 6.481 9.899 3.000 20.396 34.322 5.000 12.767 4.123 27.148 5.831 2.646 8.307 17.146 22.561 4.000 57.201 13.115 49.790 49.132 20.640 41.857 8.660 3.742 15.937 1.732 17.804 40.162 8.307 14.491 9.381 32.879 21.977 3.317 31.225 7.616 9.539 26.000 4.472 3.873 20.322 6.245 8.246 19.313 9.000 1.000 58.643 16.823 19.950 6.403 21.307 3.162 2.646 10.149 10.296 12.450 10.050 33.779 5.099 3.742 26.608 16.310 12.369 3.873 1.000 38.013 6.557 4.690 13.565 20.199 61.709 7.000 6.856 4.243 4.359 26.814 63.616 9.327 2.236 69.217 6.928 25.495 9.950 5.099 19.000 12.570 40.447 12.247 3.742 11.576 5.196 7.000 12.961 30.414 1.000 15.395 11.136 4.472 19.313 13.820 3.317 28.775 12.247 3.162 42.895 22.428 5.657 22.181 4.000 4.359 29.326 10.817 10.630 1.732 14.491 3.606 11.045 14.387 15.556 35.228 4.472 2.449 45.133 2.236 15.524 7.280 5.196 10.863 15.100 3.742 2.828 8.062 67.127 7.681 30.627 24.940 26.495 10.100 9.950 4.690 10.198 3.464 6.782 5.477 5.831 40.200 5.831 10.724 12.490 11.832 9.899 9.644 2.000 4.796 1.732 3.742 7.483 23.345 11.446 9.110 46.680 3.000 10.817 51.196 3.464 5.657 9.434 13.601 11.705 1.000 4.583 6.403 49.254 5.477 3.873 3.000 5.000 28.548 5.196 6.403 2.449 7.280 1.000 6.633 2.000 4.123 3.464 31.639 54.323 7.280 1.732 22.450 7.810 4.690 5.916 3.606 4.583 4.359 1.732 6.000 24.228 7.141 4.899 35.875 5.477 1.732 23.388 41.773 4.000 2.449 9.220 6.000 2.449 7.071 7.616 23.917 6.325 6.633 20.199 2.000 6.708 6.928 1.000 4.359 5.568 28.160 5.292 3.162 3.317 1.414 5.196 2.646 7.810 19.026 3.873 7.937 6.481 27.875 0.000 6.164 37.616 8.062 16.553 15.427 5.292 7.416 5.916 1.000 5.196 1.000 14.967 6.708 63.992 3.606 6.403 8.944 46.957 4.243 21.610 12.884 2.449 7.211 3.464 1.000 17.550 10.817 24.718 8.718 14.560 16.310 4.690 53.972 12.728 4.899 8.124 4.796 5.568 26.249 5.292 18.385 10.724 3.162 14.595 4.359 3.317 35.525 9.644 20.396 10.198 33.556 3.162 3.464 21.000 5.568 56.868 8.426 6.325 5.000 5.568 3.162 12.884 11.916 39.077 51.420 31.544 30.033 7.550 6.481 4.123 6.403 4.243 5.831 6.782 1.000 5.385 5.196 1.000 9.487 14.866 13.820 8.185 10.440 6.633 17.205 3.000 22.716 5.000 15.330 3.873 3.000 6.633 4.899 10.149 8.062 20.100 5.745 0.000  
4.899 0.000  
5.745 27.839 9.487 5.196 7.874 3.317 14.318 16.941 5.000 0.000 8.246 2.236 11.225 4.472 9.899 18.276 9.220 14.071 6.782 5.657 2.000 5.657 8.660 3.000 46.303 12.207 2.000 43.440 2.828 19.157 5.477 4.899 7.280 12.490 2.828 14.107 2.236 12.961 15.133 1.000 7.746 7.616 2.000 9.381 36.346 28.320 13.964 3.606 15.811 12.961 5.831 4.899 35.861 26.814 14.318 13.229 12.530 6.481 16.310 61.278 8.602 20.025 2.000 4.472 1.000 9.055 6.403 5.916 6.325 6.481 17.720 32.787 