6.403 2.000 3.000 0.000 0.000  
26.038 10.536 13.000 4.690 17.000 5.568 21.703 18.028 11.136 4.583 3.742 4.000 12.207 4.899 12.042 18.111 33.422 30.017 48.394 40.866 11.225 1.000 31.702 3.742 18.735 31.000 10.817 7.483 23.622 7.211 9.000 10.392 13.342 8.775 71.743 9.539 99.960 11.000 10.247 49.082 5.196 55.281 15.067 6.633 23.833 5.292 7.416 14.595 25.807 37.403 22.847 5.292 27.622 26.589 92.011 30.708 19.494 18.303 6.245 6.000 31.607 19.698 23.622 63.474 1.000 71.610 7.211 15.556 17.578 11.662 12.042 7.483 9.055 8.367 4.243 15.067 6.708 26.192 115.978 43.174 2.236 24.799 5.568 3.317 15.937 25.884 28.196 1.000 13.038 1.000 3.742 9.539 5.385 53.207 5.745 35.228 7.071 23.302 6.164 0.000  
7.810 4.000 0.000  
4.123 0.000 8.426 3.873 12.530 6.083 3.000 0.000  
1.414 3.742 3.606 7.211 4.796 0.000 2.000 2.000 0.000 2.236 0.000 3.742 7.874 6.856 6.928 13.748 3.606 1.414 0.000  
2.000 0.000 1.000 0.000  
2.000 12.689 8.000 0.000  
2.236 5.477 1.000 0.000  
11.489 1.000 2.236 1.000 2.236 4.899 3.000 9.849 17.349 10.724 17.521 23.854 11.402 5.292 0.000 13.379 0.000  
2.236 2.000 0.000 0.000 4.000 4.123 13.266 12.806 14.283 17.916 25.278 12.490 3.000 0.000 17.349 0.000 16.340 8.718 4.000 4.000 19.391 2.236 4.000 5.196 3.000 7.348 27.074 5.000 33.615 6.403 0.000 24.739 5.477 25.632 3.317 3.606 6.557 5.477 3.000 10.817 16.852 25.080 13.928 5.568 16.852 14.629 35.199 25.377 10.392 10.198 4.000 2.000 13.964 9.327 12.042 24.779 0.000  
0.000  
1.414 0.000  
0.000  
0.000  
1.414 4.000 3.873 5.385 3.000 8.185 8.246 2.236 0.000  
3.000 5.000 3.742 2.000 6.164 5.477 2.449 0.000  
9.849 8.660 15.588 18.520 10.724 2.236 2.000 9.695 5.000 12.288 7.416 4.243 1.000 14.731 1.414 4.472 6.000 4.583 3.000 20.248 3.606 33.912 7.071 5.477 16.462 4.899 25.397 3.000 1.414 7.348 3.000 1.732 6.403 14.933 18.385 9.644 3.742 9.899 10.677 35.735 17.664 7.681 8.775 3.742 0.000 7.746 5.916 8.246 17.578 0.000  
13.964 16.155 24.454 12.042 4.359 0.000  
18.788 32.924 15.100 6.000 0.000  
37.350 19.391 7.141 1.414 17.349 5.657 18.439 12.207 9.000 3.000 27.604 5.477 3.000 10.583 3.317 9.487 35.369 5.385 71.449 13.342 7.550 34.322 7.211 39.472 5.099 6.000 14.900 7.416 5.477 8.485 24.718 31.969 16.432 9.644 18.303 20.050 58.881 28.583 13.638 17.000 6.557 4.243 19.287 9.644 14.248 36.152 1.000 50.299 2.236 13.229 14.283 10.440 6.782 1.000 1.000 4.243 3.000 11.180 5.477 7.416 79.542 19.570 2.000 17.059 0.000 1.000 12.000 14.526 20.075 4.796 17.607 3.000 6.164 8.307 2.236 32.202 5.831 14.213 4.000 23.516 4.123 2.000 23.345 21.494 9.274 7.550 2.000 8.718 3.000 25.807 5.196 17.635 15.588 75.319 4.123 0.000  
26.382 8.246 1.414 27.148 0.000  
6.403 0.000  
2.000 5.657 3.000 2.000 4.690 3.873 0.000  
0.000  
0.000  
4.000 1.000 0.000  
7.937 4.472 5.196 13.379 4.583 2.000 9.165 4.000 5.292 26.420 5.477 32.388 8.062 2.000 18.466 6.245 25.298 3.873 2.449 8.000 4.000 4.123 8.775 16.155 23.664 12.166 3.317 13.565 14.353 30.116 24.495 12.530 11.662 2.646 0.000 9.950 6.633 12.961 22.159 0.000 25.729 3.742 9.381 13.191 6.000 5.568 2.000 0.000 3.464 1.000 9.592 0.000  
5.916 2.646 11.136 0.000  
0.000  
0.000  
3.000 0.000  
3.000 3.000 2.449 0.000  
4.000 1.000 4.000 14.213 0.000  
3.873 6.325 16.186 0.000 22.113 4.796 4.123 11.091 2.646 20.347 0.000 1.414 9.381 4.123 4.690 3.873 12.767 8.660 3.742 1.732 9.110 9.487 20.857 8.124 11.000 9.539 1.414 2.236 10.770 2.449 5.657 13.229 1.414 13.565 0.000 6.708 10.149 3.464 6.557 3.000 0.000  
0.000  
9.950 1.000 11.402 3.742 4.123 11.225 0.000  
10.198 108.125 15.264 10.677 65.368 8.367 73.600 15.524 8.367 24.042 7.810 10.677 12.961 42.872 50.764 29.223 10.149 28.478 34.914 114.682 39.686 21.679 24.145 7.280 10.630 31.843 20.736 24.900 72.925 1.000 82.547 8.660 17.889 27.677 17.205 11.402 10.630 4.899 16.643 3.606 16.912 5.568 13.077 124.603 44.598 2.828 31.796 9.747 3.162 15.330 27.731 38.974 3.317 22.383 5.657 8.775 11.180 4.472 52.421 8.246 52.134 5.099 28.792 12.610 1.000 38.549 42.988 15.780 11.747 5.568 14.765 4.899 37.135 7.746 18.601 18.138 121.844 3.742 4.000 8.888 10.050 19.647 2.646 14.799 3.000 11.358 7.348 15.875 37.000 20.664 15.067 10.050 11.314 17.234 17.607 15.395 4.796 7.874 10.863 54.443 52.745 7.071 7.280 3.606 23.896 15.684 9.592 4.796 14.387 33.045 4.359 1.414 15.133 7.348 21.587 6.000 25.942 17.464 10.344 2.236 3.464 58.592 49.759 60.324 31.048 20.809 6.856 18.439 8.718 23.302 1.000 11.180 13.342 18.868 19.105 80.641 17.059 5.292 8.544 3.873 64.537 37.363 5.831 2.646 16.823 10.344 23.302 11.045 10.000 2.646 18.574 5.916 27.221 14.457 8.544 34.742 4.472 11.832 7.937 21.977 28.792 16.793 4.359 14.036 9.798 71.141 36.620 13.565 21.679 3.162 6.633 13.266 4.359 18.841 6.403 128.254 18.193 19.875 12.329 5.657 66.910 25.020 10.863 4.690 8.660 7.000 28.000 12.767 11.958 21.471 114.096 26.963 9.165 66.219 4.690 12.410 37.041 119.733 78.288 3.742 54.708 63.214 64.234 50.110 64.420 82.024 59.900 39.509 76.511 18.028 5.099 3.873 12.689 47.096 39.912 10.198 3.317 9.539 6.164 43.440 55.624 15.427 7.681 41.737 8.832 10.100 5.831 5.831 3.464 20.075 9.539 13.077 4.690 18.412 81.240 4.123 5.385 16.000 21.071 17.776 17.234 6.856 9.487 3.464 6.856 3.317 15.133 90.122 126.618 10.630 9.000 113.490 5.477 14.142 80.548 61.327 14.595 27.166 10.344 55.299 27.166 22.000 7.416 90.967 52.355 36.222 27.092 119.887 124.752 19.209 4.899 7.483 15.033 19.157 17.000 2.646 10.536 13.115 10.050 26.476 7.810 48.374 102.562 30.315 4.796 18.493 9.539 10.488 11.705 73.239 1.414 6.782 13.416 9.950 13.711 7.681 5.000 8.888 31.305 11.747 4.359 6.557 10.630 6.633 6.083 24.515 9.274 5.568 8.775 11.533 21.494 7.071 26.420 25.710 6.164 36.797 8.602 6.083 15.133 4.690 19.672 26.665 36.865 12.806 27.019 6.164 34.438 16.031 26.287 13.342 9.487 37.068 50.922 55.821 14.629 17.378 7.550 15.264 12.329 13.565 33.466 4.690 25.159 17.000 102.411 32.481 42.237 9.055 65.818 51.361 64.730 94.329 77.820 19.647 31.401 41.146 4.472 7.874 13.077 7.348 9.165 13.528 6.928 5.568 11.916 21.587 5.000 25.942 4.472 8.544 23.431 65.788 34.857 25.417 6.000 10.583 5.292 10.000 8.660 14.526 34.928 11.533 2.828 81.731 14.832 81.908 63.419 44.766 3.317 9.327 84.534 7.211 22.000 10.440 11.619 77.233 81.896 46.829 4.243 11.662 44.068 119.983 5.477 8.718 59.422 30.050 7.616 9.644 2.236 34.088 3.606 7.746 59.119 30.741 101.917 30.545 8.124 37.483 28.142 5.477 24.576 10.817 10.247 20.125 8.944 6.000 9.381 5.916 37.934 8.246 6.164 8.000 7.810 21.749 6.403 33.526 36.290 26.077 4.243 5.745 14.000 34.569 15.875 20.712 18.166 12.490 11.045 14.248 27.477 7.000 68.571 7.141 27.295 38.820 31.321 20.591 130.641 8.944 153.000 10.863 3.464 40.719 6.083 2.000 78.192 7.874 2.236 65.046 91.449 27.964 11.314 49.010 7.071 24.860 77.544 22.978 2.236 8.544 9.899 31.480 3.464 18.762 42.521 64.094 29.155 41.557 15.684 10.954 7.348 28.827 9.220 17.692 22.891 6.245 4.123 31.337 19.079 12.207 14.526 4.583 59.515 35.086 5.745 128.682 6.708 26.683 8.832 64.591 10.677 25.729 2.449 9.539 48.570 9.274 22.782 47.381 7.681 72.250 20.616 5.000 6.403 52.934 12.288 29.749 33.451 32.388 27.350 23.345 9.950 17.493 18.815 30.299 47.917 7.211 13.711 8.718 22.361 10.050 71.547 15.297 5.000 11.958 40.571 34.438 62.761 5.568 77.479 15.033 100.544 10.344 4.899 10.677 20.881 34.756 24.900 5.099 5.196 4.899 10.050 10.724 17.607 3.162 11.576 27.550 6.856 46.605 16.062 6.557 8.124 17.464 12.410 52.507 10.000 50.418 20.712 26.571 10.630 8.246 9.487 12.329 11.619 5.657 66.536 23.043 160.658 58.489 33.226 0.000 53.582 25.475 52.154 26.926 7.483 51.215 37.457 5.745 16.310 23.854 27.166 109.750 6.481 9.487 27.313 10.863 33.272 12.530 26.287 48.621 27.166 9.644 4.000 16.793 4.796 66.626 49.870 3.000 28.636 3.606 1.000 10.296 13.266 6.708 38.626 3.873 39.408 6.856 10.909 14.107 4.472 21.401 17.176 12.570 6.481 12.042 5.292 59.875 6.856 8.307 41.012 40.902 42.708 36.097 57.123 25.020 12.689 53.675 8.544 1.732 3.162 25.060 15.588 9.539 43.162 5.099 17.861 5.292 21.977 6.782 12.288 4.243 30.348 26.420 31.289 9.220 6.403 47.760 140.908 52.019 10.149 20.518 12.649 20.174 53.861 5.568 15.875 18.193 72.056 43.000 3.742 21.260 62.330 9.899 6.245 1.000 11.091 15.969 87.447 75.783 11.000 21.977 9.644 14.036 13.229 5.099 6.481 4.243 5.385 78.785 15.716 52.858 51.010 23.643 8.185 31.369 13.711 5.831 8.775 6.782 23.707 3.317 57.324 7.348 5.292 73.273 8.185 29.983 5.196 63.569 22.627 10.198 5.292 31.353 4.359 57.515 28.827 19.519 81.000 16.155 32.465 15.362 4.000 6.708 1.414 8.485 6.164 3.873 9.798 15.748 28.914 16.186 140.310 4.899 7.141 7.280 136.011 8.888 10.392 5.745 31.765 6.928 11.358 17.000 2.828 11.446 6.782 13.711 7.348 7.874 12.923 5.916 6.708 11.958 22.913 111.355 34.511 5.916 16.523 53.981 8.185 10.583 43.669 13.153 4.690 6.164 7.141 3.873 4.359 16.000 22.782 31.113 8.485 36.056 29.292 8.124 4.359 68.746 8.307 8.660 30.935 7.874 37.121 15.843 9.747 23.791 4.472 17.059 4.583 13.153 112.049 12.000 36.865 5.099 24.454 13.784 8.367 13.077 13.856 19.235 120.112 11.790 5.568 14.900 17.776 9.950 24.166 5.385 12.410 18.868 7.348 5.292 5.916 45.967 9.381 4.472 7.550 9.110 113.137 6.083 66.000 4.000 29.086 5.292 11.489 1.000 31.591 6.000 5.657 3.873 76.138 17.263 46.947 76.590 19.494 5.568 5.000 10.440 47.686 7.937 13.342 5.657 53.647 11.402 67.557 4.583 9.327 3.317 8.246 10.440 107.921 4.243 33.317 7.874 7.416 7.616 49.920 33.422 2.000 39.090 2.646 67.387 140.645 14.213 18.466 2.449 16.643 8.944 10.296 4.583 10.000 14.283 53.273 27.839 8.367 12.649 5.916 85.563 55.236 13.416 25.923 19.157 7.810 9.849 17.205 45.000 4.123 41.049 13.115 46.861 129.831 18.303 4.472 31.780 41.012 6.245 19.723 4.583 9.695 14.900 14.387 42.178 7.071 9.055 12.369 32.894 48.754 5.916 13.191 12.288 13.342 6.083 5.657 35.637 18.193 8.426 46.519 20.396 6.164 13.892 5.477 3.742 6.481 12.610 30.397 5.916 8.485 12.247 55.145 114.132 4.583 21.656 21.863 97.801 10.630 64.420 10.488 67.157 7.746 22.539 7.280 55.749 7.810 15.199 39.433 37.310 23.259 13.928 15.330 28.862 15.492 3.606 12.247 8.367 10.247 12.288 60.663 5.568 15.588 13.000 26.963 37.081 10.000 22.472 62.913 17.321 6.000 5.477 7.416 11.662 3.000 1.732 7.937 110.725 51.108 5.477 7.211 9.165 6.633 19.261 17.861 13.928 5.196 56.956 20.928 19.723 12.000 23.216 12.166 10.770 141.326 6.856 32.016 66.641 16.462 13.229 11.045 70.143 1.000 22.935 15.780 120.764 28.636 18.166 84.947 89.872 4.796 45.771 5.916 28.390 23.388 8.307 16.186 22.045 10.198 6.557 7.000 4.796 15.811 6.856 71.561 11.180 42.977 4.000 4.796 101.872 139.007 115.516 32.527 5.196 8.124 14.318 20.543 6.325 10.296 2.828 43.440 25.962 6.403 4.899 54.854 22.249 11.269 5.745 8.718 8.367 11.180 12.530 9.950 19.647 9.539 29.850 2.646 77.955 4.000 9.539 16.583 4.472 6.928 9.592 7.874 31.796 11.358 12.000 12.530 15.100 9.747 9.849 42.012 3.000 54.544 25.100 41.773 50.458 17.889 17.117 47.032 4.123 28.373 36.290 6.325 8.246 12.247 13.491 12.530 10.954 43.243 9.274 7.348 22.738 90.460 4.899 50.398 62.889 28.965 2.828 8.832 12.961 8.426 10.440 82.018 43.058 25.826 10.000 3.742 27.477 14.832 29.665 10.630 76.968 61.539 1.000 5.477 53.684 2.646 7.937 17.776 10.817 5.568 11.402 32.588 26.363 9.644 8.185 4.796 7.211 5.196 9.434 5.385 11.790 5.196 22.361 11.358 26.944 4.899 10.583 21.190 99.604 7.211 20.149 12.000 3.873 11.533 32.388 21.071 5.099 50.902 141.351 8.485 36.014 14.353 13.565 9.000 3.606 5.000 8.246 11.705 35.539 4.123 60.622 59.808 7.416 8.888 11.958 4.123 10.344 14.071 14.900 1.000 10.630 12.806 4.123 3.162 17.664 11.045 25.020 106.747 13.711 44.159 15.748 67.890 5.916 8.124 19.647 4.472 77.240 49.163 45.420 26.833 35.496 12.000 8.426 123.049 8.888 10.198 15.166 10.050 29.309 6.856 12.369 31.984 19.698 17.378 68.826 27.713 8.544 20.952 6.083 25.904 8.426 8.367 11.269 24.556 6.856 5.477 8.000 7.810 11.402 23.281 6.000 22.517 16.823 46.065 57.723 18.547 19.849 46.872 15.492 12.410 65.795 25.140 53.907 5.292 5.292 12.806 24.515 32.078 86.591 15.166 8.185 91.104 13.528 8.718 5.099 9.695 9.798 5.385 7.681 10.488 9.274 95.582 27.240 6.708 4.796 34.322 9.899 7.348 4.123 20.050 52.839 10.536 7.211 4.359 50.438 8.544 9.950 9.220 35.749 32.924 6.245 19.494 29.614 5.196 10.050 6.325 17.321 5.745 5.385 175.280 20.050 32.218 23.216 8.185 6.245 21.471 7.141 8.185 39.674 73.041 37.443 4.899 39.268 49.112 9.055 10.909 24.556 24.960 14.213 49.699 20.616 5.196 14.177 20.075 10.677 22.136 6.708 7.416 6.708 33.061 29.749 21.932 8.062 25.456 2.828 32.311 22.494 12.845 4.243 7.746 6.245 104.957 5.916 31.528 49.669 34.438 9.055 17.205 3.742 9.434 21.331 45.420 12.689 10.440 19.131 6.782 14.629 8.602 6.856 18.974 73.376 27.477 7.810 35.299 4.899 40.927 21.000 16.643 37.683 20.025 5.477 7.810 10.000 7.681 99.106 5.196 2.646 28.443 7.483 30.282 9.798 5.477 24.474 15.297 16.371 127.530 7.000 5.385 11.180 2.000 5.477 5.831 11.446 21.564 14.967 5.916 14.283 49.548 49.427 65.803 12.728 15.716 36.290 81.811 75.961 73.144 20.100 57.628 25.632 13.266 58.069 36.647 12.728 3.464 5.385 48.052 27.514 28.107 7.616 7.071 6.083 21.954 64.195 7.937 14.000 10.149 5.657 19.026 12.490 17.321 4.690 77.091 40.497 27.568 116.555 64.645 1.732 13.077 23.087 8.718 18.947 13.038 36.770 2.236 17.234 13.416 13.528 29.698 15.395 13.266 104.231 119.382 7.280 7.616 8.602 5.477 15.969 7.483 2.828 19.365 12.570 14.866 15.588 2.000 54.479 21.564 5.477 5.196 10.344 101.705 28.478 4.899 1.414 6.245 16.093 18.974 0.000 7.211 6.164 69.275 7.483 3.464 12.806 81.664 6.708 43.000 9.644 31.193 22.091 42.849 9.695 12.923 17.607 47.434 8.832 69.419 9.434 17.635 16.941 16.852 5.568 4.359 5.000 33.660 5.385 34.249 16.523 72.270 57.376 15.460 11.489 24.556 9.539 13.892 66.348 4.123 3.873 4.472 13.638 70.057 3.606 10.770 3.606 61.984 14.491 6.000 17.321 41.292 110.905 69.484 52.868 41.761 4.243 16.432 8.544 6.557 6.557 7.416 31.193 9.434 9.798 25.080 53.254 9.055 45.111 10.536 11.619 33.764 5.657 15.620 44.800 8.485 42.273 7.681 3.742 6.856 1.414 12.530 6.633 48.631 11.619 4.796 7.550 31.321 8.000 74.539 11.533 39.141 7.348 36.919 17.436 6.481 6.633 23.664 13.454 7.141 5.916 39.345 26.814 5.196 20.125 30.773 6.856 17.804 30.150 74.398 18.894 12.288 127.824 5.000 121.186 57.149 11.916 9.220 23.452 19.596 75.934 48.301 27.928 5.292 10.817 20.372 50.170 32.955 5.657 9.434 13.266 83.756 10.536 7.416 14.318 30.480 52.450 2.646 14.107 14.422 59.766 5.568 5.745 6.928 9.747 6.782 7.746 16.912 22.249 49.729 18.166 21.331 3.464 8.602 9.110 6.481 7.681 8.718 49.930 5.292 74.559 4.123 8.602 42.261 6.481 36.290 23.431 4.899 3.464 10.488 51.778 4.123 9.798 8.062 86.000 7.348 54.415 17.607 33.985 11.402 6.403 26.363 102.211 38.066 18.221 10.296 32.109 73.573 21.378 10.817 5.196 7.810 0.000  
15.906 2.236 0.000 7.071 0.000 12.042 2.000 1.000 3.162 2.236 0.000  
29.530 22.405 72.897 13.266 127.953 12.369 12.247 26.382 11.705 15.000 23.749 68.651 84.214 30.249 18.412 44.261 43.463 218.238 56.630 27.477 35.567 10.536 7.746 40.866 23.065 27.568 114.228 5.385 130.744 10.677 25.456 37.430 27.964 14.283 8.660 6.000 20.494 10.954 20.445 8.944 13.342 225.528 65.985 2.236 49.457 5.000 5.568 23.749 30.725 53.944 7.211 25.239 8.367 14.036 16.000 9.327 62.506 9.644 43.023 8.718 45.706 11.874 5.657 66.746 71.148 25.981 14.036 8.888 23.302 10.247 63.403 12.207 39.294 33.422 231.607 8.775 7.071 12.166 6.164 36.674 7.416 15.232 6.245 14.071 6.403 17.521 25.515 34.147 22.760 9.798 8.944 14.071 18.735 31.828 10.247 16.062 12.329 73.437 59.540 9.899 10.392 6.928 27.695 24.290 13.304 8.602 15.748 51.798 8.832 6.856 14.900 14.967 30.594 9.220 33.690 23.473 11.225 5.831 10.863 75.862 76.740 79.881 26.077 30.708 9.110 31.081 15.166 27.459 4.583 16.371 16.523 25.456 29.240 133.974 31.385 8.944 23.937 11.832 62.769 35.496 7.550 5.099 27.313 16.371 28.531 11.091 16.093 6.782 25.632 9.274 43.726 16.941 16.733 42.790 8.185 15.166 11.000 33.332 43.209 18.868 5.477 16.125 17.944 128.300 48.877 22.804 35.539 6.403 17.029 28.948 6.403 26.833 15.620 221.120 21.448 30.887 14.967 7.810 112.192 31.733 16.793 5.099 10.954 10.863 30.806 20.881 17.146 28.408 168.280 34.928 9.849 113.701 8.832 15.937 44.710 151.648 122.274 7.141 84.764 73.993 102.362 75.213 74.706 121.971 83.887 49.608 114.039 25.140 8.062 8.062 12.166 82.122 51.235 13.077 9.055 15.684 11.747 53.656 71.372 18.682 9.798 49.417 11.402 11.446 7.348 6.708 7.141 34.540 16.882 20.199 5.657 26.058 125.136 12.806 12.124 20.298 26.907 17.972 21.048 10.954 12.166 8.718 11.000 11.832 27.767 149.519 187.973 11.091 9.592 194.276 4.796 7.810 128.705 89.381 18.385 42.953 14.318 70.000 32.619 26.796 12.450 124.631 69.735 49.071 41.689 199.341 205.460 25.456 6.000 10.149 24.940 31.937 32.388 9.381 11.446 19.026 19.235 37.563 8.367 71.743 142.292 44.091 10.536 34.351 13.675 16.793 20.952 91.864 4.359 7.874 16.401 10.583 12.610 11.402 5.831 18.385 38.769 12.610 7.000 14.000 10.296 9.487 14.491 39.166 10.198 7.211 8.718 15.716 30.708 8.485 43.704 46.605 9.110 51.137 11.747 13.528 20.322 3.606 23.345 31.591 37.483 16.093 35.369 8.888 56.824 18.138 40.951 15.652 13.229 25.749 68.110 50.843 21.000 7.874 9.110 22.338 19.416 24.187 45.255 9.539 27.276 32.265 117.724 69.671 55.435 11.269 73.014 77.175 103.465 158.471 106.602 29.513 41.207 58.489 7.071 8.062 8.185 9.165 14.799 16.248 11.180 8.544 16.492 26.683 8.660 28.566 11.000 16.279 30.676 115.139 56.187 41.617 6.782 12.247 6.245 19.000 13.491 13.784 46.915 14.799 9.644 91.924 18.682 141.382 95.917 64.738 7.616 14.560 108.240 7.810 33.045 14.697 16.340 125.192 122.012 92.720 9.487 14.731 77.065 202.423 10.000 11.180 78.721 42.825 7.681 8.367 7.874 45.122 8.426 10.536 58.523 36.359 152.729 39.987 13.153 48.291 32.573 9.055 24.372 12.207 19.596 33.496 9.165 7.000 11.358 8.307 55.082 16.613 11.269 12.000 6.782 27.129 10.247 55.964 31.225 48.539 4.899 8.246 17.378 48.765 21.401 21.471 27.386 13.115 11.000 22.539 58.404 11.136 93.734 15.748 39.573 63.718 44.113 27.659 211.934 14.595 229.168 10.488 15.362 46.314 11.790 6.403 138.571 6.708 6.164 103.417 146.479 49.669 10.583 74.960 7.000 31.000 140.506 23.685 5.657 10.909 14.900 48.959 9.165 26.439 52.192 103.803 41.207 58.481 22.847 20.761 8.185 35.539 11.225 20.591 28.107 14.318 5.385 41.485 33.407 16.371 16.093 6.403 90.901 48.969 9.110 191.178 6.928 40.472 9.695 81.627 16.062 47.937 7.616 16.155 104.283 12.649 36.892 73.559 12.450 93.317 17.833 13.342 9.055 80.480 16.217 43.578 42.755 47.539 40.780 27.731 19.183 27.055 35.454 46.054 80.212 9.434 24.290 12.083 38.367 19.026 100.310 17.833 8.124 22.361 68.717 54.470 109.458 8.000 130.920 15.620 157.905 17.000 6.782 13.266 24.880 55.399 42.942 8.832 11.136 6.856 11.489 10.440 19.698 7.810 9.487 38.354 10.296 73.763 19.000 12.042 14.595 26.096 16.882 72.000 18.574 77.904 26.439 40.546 8.485 6.633 6.481 26.058 14.353 7.483 89.280 35.355 308.073 54.909 32.634 5.745 66.806 37.148 83.162 33.556 15.297 60.225 44.385 11.619 26.000 18.385 35.777 167.929 11.180 10.000 40.522 15.166 44.677 18.547 32.588 59.808 45.244 14.900 8.544 22.068 12.450 91.433 61.221 6.633 22.913 6.403 6.928 17.378 13.342 10.488 57.236 7.681 51.010 8.888 8.246 12.083 8.718 26.153 20.248 27.441 7.746 15.716 8.660 70.228 11.045 10.392 55.507 66.648 53.666 49.031 79.057 45.695 17.692 78.734 15.033 4.243 5.745 37.148 19.365 13.379 51.778 7.550 30.561 6.000 27.695 9.539 20.905 10.050 48.990 34.569 54.009 13.928 6.325 68.140 259.241 67.963 9.798 19.950 18.493 28.355 84.297 7.874 17.578 27.295 103.155 52.307 8.000 33.615 98.138 11.747 10.000 4.359 15.297 25.159 131.674 124.515 18.166 29.017 13.416 21.954 16.186 12.961 12.369 11.958 6.083 108.397 16.733 52.877 58.412 26.851 12.042 36.932 22.913 11.402 10.909 10.296 16.971 4.583 61.131 10.630 9.899 111.593 8.062 25.729 11.576 106.123 40.682 18.921 8.660 45.387 7.071 73.892 42.154 23.195 99.403 25.632 43.301 16.492 14.422 9.695 4.583 13.820 9.110 7.348 15.133 19.000 46.314 17.146 199.662 7.746 5.831 9.327 205.232 10.296 17.349 13.115 58.429 10.050 12.042 36.742 7.874 21.331 6.557 11.314 15.652 11.402 18.788 7.937 10.392 13.038 37.683 152.082 59.372 10.000 18.111 94.340 21.095 12.806 72.959 21.517 10.583 14.387 11.358 8.307 6.325 33.586 34.059 50.853 6.325 48.908 34.249 9.849 8.062 104.038 9.381 12.649 41.473 14.663 48.754 20.785 10.954 37.776 5.099 26.777 7.937 16.971 192.629 13.191 44.170 7.141 29.292 28.810 13.892 17.720 19.053 28.583 209.495 14.142 7.550 16.583 27.258 7.616 30.100 7.550 15.100 18.788 9.381 11.402 11.045 70.093 12.806 10.392 9.644 10.247 175.519 7.348 107.569 6.856 39.102 5.745 16.031 5.477 14.142 9.798 8.602 4.359 112.645 22.760 66.332 99.815 33.615 10.583 9.434 13.675 68.081 9.592 15.232 6.245 57.280 8.124 77.097 12.767 15.716 7.000 17.748 18.358 182.357 6.782 46.465 11.045 13.820 17.292 46.206 52.077 5.568 48.580 8.185 97.724 218.726 9.110 13.491 6.245 24.779 13.454 13.000 11.225 26.382 26.926 73.655 38.769 15.033 16.340 5.477 125.352 75.690 14.422 35.721 24.249 11.358 14.318 29.850 57.009 8.367 65.506 9.592 66.925 229.057 24.310 9.055 47.202 51.933 10.440 15.969 11.402 11.180 16.492 31.048 57.437 9.695 12.767 17.550 45.541 72.636 5.477 16.462 15.906 26.870 6.245 7.937 56.974 27.495 10.488 71.456 24.960 10.770 27.550 9.220 7.810 8.246 19.875 37.934 7.483 11.790 12.884 75.545 165.867 8.660 36.986 43.898 160.823 13.077 80.833 15.716 88.707 11.832 30.545 7.550 65.483 8.485 14.832 33.272 61.098 29.017 16.882 11.705 34.380 17.493 5.477 19.545 9.644 9.434 16.941 110.223 11.533 17.972 14.283 35.511 49.183 16.248 23.833 78.294 26.833 9.165 8.246 10.863 10.149 5.000 3.317 11.916 186.473 82.934 7.348 10.392 8.124 7.416 16.823 28.089 22.000 7.280 88.142 25.652 31.512 9.899 17.378 16.613 22.361 259.141 9.381 41.785 110.386 23.558 15.716 22.316 97.555 10.392 26.000 15.748 194.440 41.988 14.036 133.360 121.980 8.307 75.802 9.592 44.553 28.810 8.602 22.935 27.386 9.327 5.745 8.124 9.592 16.583 8.000 105.428 11.705 54.617 11.045 6.928 152.774 237.403 188.090 48.094 13.153 8.602 18.276 16.371 5.831 12.728 6.708 70.007 28.688 9.539 7.071 83.090 34.322 19.570 7.937 12.570 7.416 14.866 19.774 14.799 35.285 12.166 34.886 5.385 116.559 7.071 11.576 22.045 9.950 7.550 12.166 7.141 41.617 15.556 17.664 24.637 35.185 18.439 10.954 55.435 3.742 94.472 17.234 64.684 77.253 20.567 24.495 85.305 8.124 45.056 65.315 8.062 7.874 18.083 23.558 20.149 12.288 58.344 22.226 12.490 37.829 160.608 8.246 70.321 90.105 56.347 7.211 13.784 22.045 13.748 11.790 94.016 55.749 31.796 17.407 8.062 27.695 26.363 35.861 15.843 100.896 120.507 3.317 10.440 73.709 6.928 11.790 28.688 14.866 8.062 16.852 47.276 36.125 23.664 16.643 14.491 11.916 9.000 17.550 5.831 12.166 9.695 25.298 13.748 34.337 13.565 17.521 32.863 154.434 11.705 41.231 17.550 8.602 12.369 39.383 26.420 6.325 82.650 223.844 15.297 54.461 12.530 13.266 13.454 4.583 7.348 10.392 15.969 46.487 6.325 76.236 94.874 6.633 10.488 18.815 10.440 19.313 17.578 7.746 5.916 18.221 16.279 6.083 11.533 24.187 16.823 39.000 164.210 14.036 60.754 12.649 97.447 9.592 13.229 26.420 3.606 137.321 73.171 61.180 41.905 37.643 21.494 8.185 223.311 15.100 14.000 18.788 18.708 32.757 11.790 9.798 46.540 26.173 24.083 119.683 31.048 10.247 20.100 11.091 52.526 10.488 14.663 12.884 32.650 9.274 7.937 11.225 10.344 11.136 27.911 6.000 52.981 20.025 52.345 96.690 21.071 21.237 75.346 11.832 20.761 81.080 31.591 44.475 8.544 6.928 17.407 32.955 41.521 125.801 20.347 16.432 168.467 23.324 9.274 9.644 14.177 9.747 10.488 6.164 16.852 8.000 112.112 32.588 7.483 10.247 65.673 11.790 9.747 11.314 23.812 76.191 13.153 9.592 7.810 63.246 11.533 15.362 17.720 49.810 64.242 8.307 23.495 34.742 8.185 11.705 9.747 24.637 10.440 8.944 240.192 31.890 22.316 26.306 8.426 9.487 34.073 13.153 17.146 52.240 119.862 46.755 11.747 52.393 68.869 15.620 20.543 33.226 29.749 15.460 76.955 22.605 8.185 28.758 27.731 8.426 22.782 14.071 9.055 14.213 53.610 44.068 17.493 13.379 26.533 8.000 22.361 33.526 14.177 5.000 13.711 12.689 132.280 6.782 44.317 78.070 45.453 14.213 24.042 8.246 21.610 27.785 56.727 4.583 11.045 26.944 10.677 21.190 8.000 9.539 35.214 117.354 32.726 12.450 65.215 13.491 60.308 27.313 25.456 31.828 26.589 13.266 11.790 15.588 11.446 132.499 10.100 6.782 36.056 6.325 37.323 9.327 9.274 40.200 26.665 16.310 210.552 11.314 14.248 14.731 3.000 8.832 9.381 13.191 28.249 14.107 15.395 18.894 85.516 72.291 86.423 13.675 34.380 42.988 120.320 115.629 99.418 28.671 105.361 43.035 16.371 85.288 52.877 2.828 9.000 11.269 68.942 35.143 38.704 5.099 14.457 15.969 38.575 77.917 11.832 16.673 13.638 9.539 20.518 19.079 30.166 11.705 123.705 27.622 42.732 181.080 96.198 5.916 18.138 27.295 9.274 21.909 19.339 58.172 2.449 19.875 9.644 17.205 32.265 19.824 24.269 193.742 190.848 17.493 15.427 18.520 8.660 14.491 12.689 7.416 32.435 17.833 13.638 26.420 8.246 82.783 26.192 10.296 9.487 10.583 137.434 43.394 9.110 4.899 7.681 22.650 19.105 1.000 12.124 8.246 110.743 8.307 6.782 6.856 120.187 7.746 52.953 14.629 47.969 19.647 58.327 12.530 15.133 25.593 63.671 7.746 117.354 11.314 13.856 24.960 22.113 7.071 11.446 9.381 72.574 7.681 62.586 34.957 103.793 81.419 15.330 17.349 25.788 14.248 17.176 110.625 6.782 5.385 5.000 21.494 104.743 3.464 15.843 9.110 90.222 16.643 14.832 33.332 53.722 171.321 118.566 70.228 55.245 8.426 22.650 13.229 5.568 10.344 10.863 45.596 15.716 18.276 38.756 72.270 8.602 62.602 20.809 9.644 48.146 6.708 11.358 63.024 11.045 51.488 11.091 7.280 8.775 5.831 13.820 13.153 81.086 14.765 6.083 9.327 47.371 6.403 111.996 21.656 49.346 9.487 36.633 11.619 7.937 8.246 28.107 18.276 12.530 5.000 46.915 38.210 9.798 25.417 42.837 11.832 20.445 39.357 126.775 17.205 19.339 236.637 12.610 198.749 92.892 22.000 17.521 13.820 34.278 114.948 73.736 41.473 12.369 12.649 30.282 78.949 31.843 12.166 11.916 25.417 116.288 17.578 8.832 14.526 44.125 50.050 4.000 17.550 27.404 91.859 5.745 11.874 14.933 13.115 12.767 9.487 25.573 35.199 72.139 29.120 30.741 9.592 11.874 9.165 9.487 9.747 10.583 68.081 7.616 112.276 12.767 11.958 59.481 9.592 48.929 30.838 5.477 6.557 19.570 76.929 9.055 16.248 10.770 135.056 8.775 69.843 20.149 43.761 15.264 5.099 34.928 161.267 60.647 24.187 14.142 49.224 116.662 26.382 11.662 9.381 10.100 9.110 31.385 11.705 9.487 5.657 124.980 7.141 0.000 19.519 7.348 31.241 81.080 6.000 63.750 19.494 12.884 10.392 185.089 8.718 13.856 19.261 18.221 9.644 13.038 8.485 11.000 70.908 9.849 18.708 49.830 6.928 41.773 9.165 54.213 5.196 15.524 16.217 5.745 8.426 11.874 13.528 51.778 5.477 135.595 8.426 12.000 12.329 11.091 11.576 23.516 10.050 30.968 29.445 35.327 14.318 22.672 224.969 17.889 11.790 16.523 74.182 14.248 6.083 62.976 22.782 19.235 15.166 272.822 66.280 19.570 54.809 17.321 13.528 69.051 14.967 13.491 16.155 9.899 29.866 21.817 7.348 10.440 18.083 12.923  
3.000 14.248 2.236 19.209 3.162 2.449 5.745 4.123 2.236 4.899 14.071 11.314 7.141 4.583 9.592 6.856 33.466 9.220 6.856 9.539 1.414 2.236 5.657 3.464 6.633 11.958 0.000  
11.576 2.000 16.217 1.000 3.000 3.162 0.000  
2.828 50.050 6.856 8.544 14.071 5.477 7.280 12.884 35.014 41.243 20.736 8.660 25.436 26.514 87.579 33.181 12.329 23.958 5.831 3.873 19.849 14.318 16.062 57.018 0.000  
10.392 2.236 3.317 4.796 0.000 2.828 1.000 5.657 8.660 4.243 0.000  
9.695 11.269 31.257 9.434 14.248 15.330 47.392 55.145 19.950 10.817 28.896 43.726 104.537 40.719 31.512 33.392 7.280 11.045 45.771 15.330 23.324 48.343 2.000 76.511 7.000 19.748 35.735 20.905 12.728 4.796 4.796 12.845 7.280 14.283 9.695 12.166 144.139 36.946 3.606 32.218 6.164 3.873 26.571 28.443 32.650 7.141 18.628 5.000 12.923 25.690 7.000 45.717 10.909 22.494 4.123 49.900 6.245 6.928 42.344 57.905 18.974 20.075 6.708 16.553 9.539 47.770 6.083 27.928 24.637 142.955 8.000 7.071 9.798 5.745 22.825 8.888 16.340 7.616 11.489 3.000 12.410 17.635 22.760 13.784 7.211 4.583 9.899 11.747 20.469 6.164 18.520 10.954 54.736 54.873 7.874 3.317 11.533 30.610 12.166 11.790 7.211 9.055 40.719 11.269 7.550 12.961 11.916 17.088 5.831 32.939 23.173 4.472 5.385 5.292 63.820 54.507 65.658 14.832 17.692 6.782 17.944 16.155 22.694 4.472 13.191 19.287 18.439 23.728 83.612 20.075 9.747 13.675 10.050 50.040 22.204 10.630 5.477 17.378 12.124 22.113 7.937 10.536 6.708 29.833 5.568 39.205 19.391 16.248 29.360 5.657 11.446 12.166 37.868 32.696 14.318 3.000 11.091 10.149 78.962 36.180 17.776 42.237 7.874 16.248 22.913 6.000 20.322 16.093 149.097 19.079 19.105 8.888 5.477 93.129 26.907 21.048 8.718 8.888 6.708 19.698 16.401 21.284 26.870 109.119 36.111 6.083 73.048 6.083 8.660 37.497 91.126 86.168 3.873 73.566 47.455 63.159 43.761 47.718 67.320 63.498 42.403 55.245 20.248 11.874 6.928 16.971 56.877 35.214 9.055 7.000 11.091 9.220 47.760 62.984 14.107 15.684 47.707 11.832 8.124 2.828 8.718 8.307 15.843 13.454 14.799 5.657 26.963 90.471 13.856 7.483 23.345 20.248 19.235 14.526 7.280 10.050 5.568 10.488 10.863 17.436 93.140 122.348 6.782 6.557 148.145 4.359 7.071 98.417 74.793 12.207 32.419 8.544 70.795 18.921 19.339 11.180 99.141 44.497 31.559 40.460 170.962 154.383 12.961 9.055 7.000 18.868 26.608 16.912 3.464 14.457 13.266 12.961 18.358 8.832 66.955 109.900 33.196 8.124 30.627 8.660 10.954 19.723 77.614 1.000 5.385 9.747 8.185 5.477 11.790 6.403 6.481 28.792 9.274 1.732 7.874 5.916 6.000 12.410 27.893 14.071 5.568 4.690 15.264 20.952 12.570 28.355 26.058 6.557 32.634 11.314 5.916 14.248 7.810 17.664 37.363 41.388 10.149 23.685 4.690 63.309 22.316 25.807 11.045 16.031 23.022 63.891 41.737 12.961 7.141 8.718 18.221 7.937 16.583 45.475 7.211 23.281 17.407 109.366 55.163 38.419 9.110 58.017 61.968 70.441 86.371 87.287 26.134 23.516 58.103 7.483 9.274 5.831 4.472 11.269 10.630 14.213 6.325 13.342 24.000 5.916 19.799 3.317 11.874 20.050 95.000 54.918 51.468 4.796 5.477 2.828 20.075 9.327 7.211 33.926 9.434 5.831 64.769 15.492 106.090 80.771 67.742 4.899 10.817 81.228 7.071 29.950 7.681 15.330 64.366 103.368 81.615 3.606 15.716 69.692 126.063 7.810 6.325 57.567 32.000 8.307 8.775 6.245 39.509 10.583 6.557 46.808 28.000 100.324 35.398 27.129 33.466 31.859 5.745 16.703 7.874 9.327 45.011 8.660 5.099 7.483 6.000 48.847 10.392 6.557 13.038 5.657 22.782 6.164 62.145 38.275 42.720 7.416 6.782 27.875 32.280 21.954 13.964 32.802 9.798 7.348 19.468 49.071 14.283 80.231 11.790 34.699 48.969 29.377 25.159 144.938 13.342 187.166 10.817 7.416 35.944 7.746 7.000 84.374 8.367 5.292 64.730 113.071 25.239 9.747 68.884 11.091 32.450 102.577 16.733 3.162 5.099 22.068 27.946 6.325 21.213 45.530 89.314 42.988 34.684 15.588 13.638 7.937 33.136 6.782 17.146 15.748 12.042 5.099 31.953 23.216 6.856 13.928 7.550 60.696 31.906 8.062 144.624 6.633 24.880 11.000 67.313 10.296 44.249 6.164 13.820 101.646 8.367 29.766 57.801 18.601 82.517 18.841 12.000 6.481 70.937 11.402 22.627 49.729 27.368 41.929 24.900 16.000 15.330 25.179 27.331 63.655 7.746 16.031 11.619 32.435 15.033 60.902 13.304 8.307 27.839 59.942 57.991 61.433 6.245 72.402 9.110 133.739 16.852 4.243 4.796 15.620 52.211 30.903 7.141 11.269 10.000 6.164 8.185 18.762 5.745 8.307 22.405 5.745 35.242 13.000 6.000 10.392 25.080 11.533 75.868 18.708 73.123 30.133 39.837 8.000 7.141 9.381 20.494 7.746 9.899 72.076 29.547 135.610 55.127 30.952 9.220 45.946 39.077 43.394 16.523 16.882 46.893 42.166 8.426 15.100 12.884 34.234 107.578 6.928 9.327 35.143 13.115 38.794 7.937 22.494 43.715 38.626 13.784 5.385 12.166 12.649 89.739 51.536 1.000 14.697 6.325 3.464 18.000 12.649 9.274 25.338 10.863 43.555 7.141 12.450 10.954 3.742 20.199 16.310 22.627 6.164 6.708 7.874 70.356 7.280 16.673 40.731 54.991 52.564 35.086 52.669 26.758 13.964 48.826 13.038 3.000 4.359 31.048 12.923 9.165 52.896 4.243 27.350 7.141 17.349 7.746 11.832 10.630 41.605 17.146 37.842 7.616 7.550 41.425 140.666 54.507 13.000 10.677 12.806 29.496 68.608 5.568 18.166 21.237 85.528 37.789 5.568 23.043 54.516 7.810 7.000 6.000 8.660 23.130 94.599 91.635 15.330 17.000 16.882 18.735 7.810 10.392 10.050 8.718 12.288 67.357 10.630 50.626 51.488 23.409 6.928 29.580 13.416 9.849 9.747 7.937 12.247 4.243 49.315 9.695 7.874 60.572 10.909 14.560 9.950 51.962 21.817 14.107 7.681 34.843 5.916 58.224 37.736 20.025 79.793 22.249 35.930 11.269 10.817 6.633 2.646 10.724 4.359 7.746 11.225 17.088 33.437 15.297 155.801 6.633 3.162 8.602 129.480 9.165 6.481 12.124 53.009 8.367 7.348 35.651 6.481 19.723 8.062 7.616 11.576 7.416 13.528 6.325 10.392 8.944 16.186 114.245 40.125 11.000 9.695 71.063 7.348 15.620 35.440 12.728 5.292 9.644 12.042 9.950 7.280 26.833 19.596 24.474 7.071 27.821 18.193 9.487 6.782 68.381 9.110 12.450 38.872 12.767 31.607 20.149 8.000 32.558 7.000 19.416 7.280 10.198 114.503 9.110 32.435 3.873 17.664 21.354 10.817 13.964 14.036 15.264 122.417 14.765 6.164 9.165 16.279 7.141 36.946 7.141 14.387 17.578 4.359 9.220 6.245 52.802 8.660 11.000 4.000 14.283 138.365 13.038 80.281 12.649 30.854 5.916 10.630 2.449 10.050 9.055 6.164 5.099 87.063 19.183 41.280 74.054 24.474 12.923 7.681 12.450 60.274 7.550 8.944 8.544 46.195 6.708 74.000 9.899 12.288 7.746 8.485 10.392 107.462 2.646 27.586 7.071 9.487 13.565 41.061 41.049 4.899 41.110 6.403 69.296 161.388 7.681 