0.000  
0.000  
0.000  
0.000  
5.831 0.000  
2.000 9.798 3.606 2.000 3.606 2.000 2.236 1.000 0.000  
4.123 4.000 2.000 0.000  
5.568 1.000 5.657 2.236 0.000  
0.000  
0.000  
1.000 0.000  
0.000  
0.000  
0.000  
0.000  
3.000 0.000  
4.000 4.243 1.000 0.000  
7.000 1.000 0.000  
6.325 0.000 3.000 0.000 3.317 3.606 4.243 26.981 10.630 7.141 3.000 6.633 2.000 11.180 9.849 1.000 16.217 4.472 37.483 32.924 22.738 20.199 3.742 46.637 3.873 5.831 27.857 7.071 3.000 5.568 29.563 4.583 9.747 71.687 3.742 49.608 5.292 7.348 4.796 5.477 4.690 4.583 29.749 21.679 7.681 12.961 1.414 25.318 15.524 4.583 43.520 5.385 12.884 9.055 11.916 2.646 18.921 1.414 52.029 18.000 0.000 5.916 11.225 8.062 6.403 10.247 20.688 1.414 10.344 11.958 4.243 32.787 7.681 6.403 3.000 1.000 25.923 3.606 2.449 3.000 21.024 23.000 13.416 19.748 10.296 8.602 9.798 3.162 4.000 4.796 8.718 3.873 4.472 5.568 9.950 7.616 47.770 10.198 3.000 1.000 3.000 56.071 42.685 1.000 2.646 8.775 2.000 27.803 9.487 3.162 2.236 3.162 35.930 8.246 17.804 3.162 86.006 18.682 72.270 77.666 4.000 15.297 8.000 5.477 21.166 8.602 8.000 3.162 6.782 30.627 41.364 27.386 11.533 17.578 2.828 6.633 0.000  
0.000  
1.000 0.000 1.000 2.000 0.000 5.000 0.000  
2.000 0.000  
0.000 1.000 0.000  
1.414 2.828 7.071 2.828 0.000 5.196 0.000  
0.000 7.937 1.000 0.000  
8.185 2.000 0.000  
13.675 4.123 6.928 7.000 2.000 12.806 14.387 5.745 21.213 1.732 44.057 31.512 46.314 33.734 4.000 63.961 2.828 7.000 45.387 5.099 3.873 7.000 46.755 6.164 22.068 133.255 11.705 79.668 3.464 18.735 6.000 4.000 7.416 9.747 39.975 25.100 18.221 26.833 4.243 18.520 29.138 8.185 64.506 10.817 19.053 20.100 15.297 5.385 35.355 2.000 82.620 34.176 0.000  
2.828 4.000 6.557 0.000 5.568 5.292 3.317 9.539 4.000 12.689 9.695 20.421 11.269 0.000  
0.000  
0.000  
0.000  
1.414 1.000 0.000  
7.141 0.000  
1.000 10.198 4.123 14.595 10.863 18.303 12.166 3.000 27.857 4.472 5.385 15.716 4.796 3.162 1.732 13.266 5.000 17.664 46.098 6.000 24.000 3.317 7.141 2.000 2.236 4.359 2.828 17.833 10.050 9.110 9.220 4.583 5.477 11.136 2.000 29.052 3.873 9.110 10.863 7.211 2.828 16.031 3.000 33.511 12.490 0.000  
3.000 0.000  
6.164 27.622 19.000 19.975 14.248 0.000 37.483 0.000 7.071 23.580 4.359 5.568 1.414 20.149 0.000 13.115 37.921 4.123 34.073 0.000  
4.472 4.690 6.856 3.317 0.000 11.489 2.000 0.000  
33.496 38.639 28.965 0.000  
27.821 21.932 3.000 49.790 0.000 5.385 33.332 13.638 2.828 9.381 33.556 6.164 13.928 68.498 4.796 49.900 2.000 8.062 4.796 5.477 1.732 4.000 27.313 21.237 12.610 14.731 4.583 21.166 16.371 4.359 50.269 5.099 13.153 7.681 13.856 2.828 19.875 2.000 57.991 17.000 4.472 7.211 12.207 7.416 1.732 10.536 21.633 0.000 10.247 12.884 4.000 30.512 6.325 3.873 3.742 1.414 26.096 6.557 1.000 4.899 25.768 26.514 12.450 17.349 8.775 9.000 9.747 1.414 4.000 4.796 5.196 2.646 3.162 10.344 10.817 5.099 45.662 8.832 0.000 1.000 2.449 58.779 45.177 2.828 3.873 9.695 3.317 28.531 14.629 3.317 1.414 4.243 42.012 10.724 18.000 3.606 80.006 17.521 75.419 73.444 3.464 15.875 7.746 7.416 17.972 9.539 5.568 3.000 6.782 32.818 36.414 23.367 13.454 20.199 4.899 5.385 0.000 24.960 3.317 9.000 8.367 8.367 17.146 5.099 13.928 8.307 1.000 4.690 28.705 6.928 6.245 5.745 2.449 10.198 5.196 13.266 4.359 2.449 7.280 60.506 23.324 6.000 12.124 22.804 4.690 1.000 11.136 30.166 21.772 4.123 13.820 12.124 19.647 23.065 8.660 13.748 11.446 9.434 20.494 45.902 25.080 1.414 42.743 0.000  
30.116 5.916 79.215 2.828 12.728 46.347 6.164 5.196 4.472 28.948 9.849 30.150 78.147 7.483 62.490 3.873 12.570 7.211 4.472 9.220 8.000 49.325 25.865 21.237 15.297 6.856 16.371 19.748 6.557 71.673 9.849 24.739 14.933 18.439 3.464 24.718 6.557 87.544 37.148 2.449 3.873 9.381 6.000 3.162 10.392 31.241 6.164 16.733 18.520 3.162 28.566 7.000 10.100 3.162 3.464 23.580 7.071 4.359 4.472 25.377 45.177 7.071 26.907 15.297 7.141 19.000 2.000 6.708 8.367 5.568 6.708 3.000 12.530 9.592 5.916 68.797 8.485 3.162 4.000 6.557 86.551 49.173 8.485 4.899 11.136 4.000 26.814 23.643 8.832 6.164 8.246 60.902 12.042 33.615 9.381 85.837 30.935 122.658 86.516 6.403 17.349 9.487 10.770 27.839 18.138 9.644 4.796 15.460 43.818 40.596 35.071 15.297 26.458 4.243 7.616 5.196 19.261 2.828 8.775 6.782 7.280 33.867 9.000 8.775 11.180 2.236 4.123 43.886 7.681 3.606 7.550 5.657 13.601 6.245 34.220 6.083 3.606 7.810 97.067 20.273 2.828 14.933 35.014 7.550 1.000 14.213 48.580 32.802 6.083 19.209 19.468 32.450 24.860 10.198 19.183 16.703 18.466 33.882 59.237 29.138 1.000 70.915 4.359 7.348 11.314 27.713 0.000  
0.000  
5.831 0.000  
7.937 10.954 81.535 14.697 11.446 11.705 85.206 25.554 30.935 270.573 24.021 143.321 8.832 30.348 15.166 12.288 20.761 11.790 120.279 42.802 34.569 43.669 12.042 37.921 48.000 14.491 155.811 19.849 36.014 41.097 22.181 6.000 67.580 4.899 194.828 66.129 3.162 16.733 22.561 14.765 7.280 18.628 53.179 11.619 15.780 26.889 7.550 81.413 25.100 22.869 7.937 9.487 50.912 11.533 9.950 6.928 38.471 101.134 21.331 60.283 18.708 16.000 39.724 8.367 11.402 8.000 12.042 13.342 6.325 25.436 12.124 4.899 177.713 15.100 10.583 4.123 7.746 170.479 90.548 6.782 9.000 19.468 8.367 83.072 41.061 8.062 6.557 7.071 125.292 25.981 51.205 7.280 283.790 43.600 247.992 281.752 21.703 33.779 22.136 22.738 44.609 26.796 20.688 7.746 26.420 95.525 88.108 69.549 29.983 48.621 10.583 13.892 8.426 37.363 7.810 14.036 9.055 11.446 45.321 14.036 18.947 24.454 6.557 10.247 88.142 18.193 6.083 17.944 10.724 32.818 15.875 55.018 8.888 10.677 13.638 214.863 41.701 7.071 24.228 75.921 12.042 1.000 29.698 72.484 54.882 9.381 35.270 26.514 47.686 35.468 30.984 38.039 16.733 36.688 52.259 134.048 80.355 6.245 122.906 6.856 9.434 17.944 67.015 6.083 154.532 11.619 10.392 33.302 16.941 5.477 6.928 10.488 3.162 55.091 14.697 5.745 40.336 19.672 7.483 48.415 81.817 7.937 7.071 40.719 90.122 14.526 10.770 12.530 8.888 12.530 8.888 16.763 142.120 12.806 71.042 15.748 12.530 16.432 68.520 7.280 48.125 4.359 14.071 14.142 6.164 22.978 163.719 200.868 11.662 9.747 16.492 7.280 16.882 17.292 20.543 11.619 71.931 82.018 17.292 13.191 52.431 15.199 201.601 9.798 49.153 10.536 20.396 10.296 7.000 49.508 41.400 43.023 57.324 181.582 6.403 18.330 9.000 182.250 5.000 33.257 69.094 8.307 61.774 10.149 39.825 10.247 5.657 10.440 45.815 12.961 56.125 6.164 36.304 4.243 17.146 18.762 44.000 8.602 37.908 73.055 58.412 10.296 79.524 11.576 11.314 12.369 6.000 24.860 7.416 247.800 51.759 24.104 14.318 22.935 10.677 19.391 11.269 6.928 25.338 6.557 72.160 9.798 23.937 11.533 23.473 6.000 9.487 15.811 14.560 8.367 41.809 90.449 11.091 10.050 14.967 91.597 8.124 24.698 17.349 9.327 18.276 6.325 11.832 18.735 13.601 11.874 176.765 24.678 22.956 7.211 80.044 9.110 23.043 5.831 17.944 11.446 11.662 9.798 29.360 35.972 8.000 6.557 28.983 5.099 18.439 44.011 13.115 193.871 22.804 11.489 104.307 93.381 2.236 7.937 18.330 45.365 10.149 70.463 9.381 15.297 40.460 4.583 38.962 26.115 30.463 93.696 238.495 8.246 55.740 11.916 143.049 18.788 6.245 7.746 20.469 6.000 42.202 15.362 111.409 34.307 71.812 9.592 16.062 10.630 159.524 34.583 7.348 12.570 39.950 75.651 18.385 3.873 8.602 88.859 196.420 14.731 39.987 14.318 18.466 124.463 25.080 13.038 7.681 56.462 8.124 25.884 11.136 13.416 7.874 60.581 5.657 18.921 8.185 108.208 8.832 27.982 107.261 39.421 8.185 69.224 78.038 41.219 69.534 13.266 8.485 112.574 10.198 25.632 9.165 10.149 35.861 70.491 10.583 2.236 11.269 9.539 26.702 9.055 40.286 40.608 8.718 4.000 19.774 14.491 122.662 68.286 52.896 24.249 5.385 72.553 6.856 47.127 37.934 33.556 74.973 135.665 65.085 10.863 11.045 11.958 3.606 6.245 15.395 44.170 5.831 9.220 13.191 27.313 49.588 8.367 59.287 189.600 24.331 54.809 46.508 30.414 31.448 77.814 28.948 9.747 25.942 18.385 11.402 9.798 45.144 8.718 8.062 132.718 10.770 9.747 85.919 15.811 13.000 17.176 10.909 34.756 20.273 16.852 29.377 70.007 54.544 55.399 26.833 9.487 40.927 7.746 13.928 9.220 70.626 6.708 25.000 17.493 112.512 7.746 13.928 55.344 11.358 24.393 9.220 16.492 17.972 46.163 45.607 13.454 6.403 8.367 11.314 15.166 17.804 8.000 123.098 183.826 15.362 23.791 151.493 5.657 14.832 13.748 15.460 21.378 12.570 53.879 23.473 12.845 34.191 35.440 13.229 7.000 16.733 8.775 8.124 26.420 35.595 30.414 27.928 28.196 24.145 49.960 94.520 2.236 23.707 14.491 82.000 93.856 7.071 13.601 7.483 27.313 12.083 9.695 17.088 26.796 21.564 10.677 66.415 24.249 218.687 11.091 98.005 29.883 7.348 25.456 24.413 19.391 65.620 34.857 84.552 33.106 67.209 178.337 10.630 29.967 38.053 6.557 33.091 13.077 11.662 9.220 5.477 11.916 76.105 51.293 27.350 8.062 178.008 15.033 10.724 8.426 6.633 16.340 16.852 193.411 8.544 47.875 19.672 10.100 43.301 7.874 11.619 13.077 6.928 19.950 180.948 15.780 34.971 6.928 5.000 19.079 20.688 9.381 33.045 18.083 58.949 18.111 5.196 55.929 156.157 166.931 30.265 27.258 15.067 169.056 10.863 17.804 12.207 15.166 17.088 41.449 25.612 96.881 23.558 8.660 9.644 11.136 12.000 12.689 41.219 27.240 213.799 14.697 6.164 6.403 36.318 13.856 11.705 15.133 11.747 7.280 70.128 10.440 55.200 25.671 7.874 31.273 9.000 20.372 7.141 16.340 219.192 11.874 7.810 8.307 56.719 7.211 10.198 13.416 34.670 10.198 117.329 22.045 24.474 18.628 43.806 5.292 9.798 7.616 8.888 26.000 7.483 32.588 202.176 14.629 21.237 28.355 15.000 15.133 8.426 24.900 57.463 9.798 11.790 20.298 82.213 52.707 37.390 41.049 50.120 12.042 22.672 18.358 155.361 8.660 7.550 9.747 121.487 12.728 5.000 17.607 15.969 68.308 9.055 90.061 9.000 9.695 102.181 7.550 206.722 10.677 15.000 163.224 9.327 61.830 19.053 88.493 12.247 11.000 7.483 143.335 11.180 135.599 136.828 17.664 45.684 35.355 7.211 9.434 35.327 211.995 57.827 84.261 38.275 7.874 53.935 9.055 15.330 6.557 12.649 5.477 32.047 13.229 8.185 64.545 22.494 6.000 7.280 27.821 7.810 26.038 18.276 15.067 25.652 10.000 10.770 26.363 83.433 7.348 14.353 54.277 7.681 11.916 23.431 13.711 26.115 10.488 28.688 46.400 11.790 12.410 7.483 272.171 4.359 21.679 29.428 54.129 9.165 119.465 12.806 13.748 42.837 6.856 10.536 34.424 242.957 49.930 4.472 37.749 12.884 8.775 126.862 70.605 139.216 8.000 42.767 74.377 83.283 4.123 8.367 20.905 8.062 8.246 0.000 82.067 64.599 8.832 10.440 83.469 15.264 33.181 11.747 49.254 8.485 45.431 5.099 124.073 8.367 13.601 145.794 44.800 10.536 76.759 28.249 142.471 65.955 18.574 12.207 167.135 22.847 49.336 32.757 16.703 32.078 11.790 12.689 146.000 58.121 143.031 38.691 100.120 27.313 7.746 4.690 15.133 16.279 12.410 7.348 18.815 6.633 6.083 10.247 49.508 269.117 213.286 60.622 18.000 13.748 64.016 9.747 17.607 9.539 13.856 261.578 95.336 32.711 54.727 26.702 15.937 113.309 6.325 51.933 22.804 6.325 7.681 10.392 5.385 10.863 13.229 68.578 6.403 11.832 50.666 23.130 11.225 60.025 18.788 44.463 21.071 9.000 14.177 19.365 7.550 153.088 18.166 4.472 41.219 53.666 47.413 18.358 12.806 95.828 47.424 9.220 42.626 14.765 18.868 9.849 31.984 20.273 33.121 16.971 40.435 15.395 52.868 29.292 5.292 72.409 8.124 6.164 10.724 36.414 9.000 9.165 11.045 238.432 136.781 25.140 26.552 19.900 12.247 5.196 48.662 16.673 20.125 5.568 39.975 89.911 8.832 69.800 135.148 8.062 169.629 6.164 5.099 83.839 53.516 6.557 8.185 89.983 9.644 10.863 8.124 4.123 19.596 8.367 19.875 38.575 16.432 8.602 226.179 37.403 5.916 38.184 11.045 28.531 32.588 11.314 33.000 16.093 10.100 14.526 25.884 15.362 71.958 54.708 35.199 16.912 14.248 100.025 7.937 4.899 8.185 18.193 9.695 5.099 95.812 63.174 6.481 58.361 6.557 105.740 20.298 48.353 11.136 16.823 24.779 12.450 6.928 133.918 5.916 11.662 38.105 4.000 12.530 5.385 24.207 6.403 25.100 135.340 24.249 12.923 12.450 8.185 12.923 11.489 26.702 196.385 9.110 62.434 9.798 11.662 281.670 18.412 34.176 128.693 18.788 53.544 7.937 201.794 223.461 21.817 79.423 7.681 23.664 26.173 47.202 16.733 87.886 22.136 20.396 48.929 21.633 64.382 16.401 60.514 60.200 41.533 59.017 9.487 9.592 7.681 124.109 13.266 54.000 50.090 71.540 25.000 35.029 6.083 12.247 17.664 156.307 8.602 20.712 6.403 13.964 47.697 179.914 8.602 13.928 36.837 15.297 14.526 14.526 26.814 47.434 52.783 8.602 34.264 10.392 9.747 44.373 10.000 7.000 16.432 11.045 29.223 57.350 89.000 9.798 28.054 101.449 6.782 12.767 9.274 67.276 27.148 26.589 18.028 19.468 44.788 84.161 8.185 87.235 34.293 3.742 84.030 9.950 7.746 23.173 25.554 63.024 128.491 38.730 7.416 46.022 20.616 24.021 13.892 214.068 3.606 33.690 9.381 9.592 9.487 50.060 17.176 11.916 40.583 5.831 59.127 5.745 271.216 31.953 218.602 5.477 123.150 8.832 8.660 62.610 10.770 30.773 10.198 12.000 8.000 7.616 10.954 9.798 9.434 58.754 77.582 26.306 79.152 8.000 10.724 45.804 19.416 8.485 23.875 64.869 27.404 114.630 33.867 116.636 60.696 28.548 20.000 25.612 51.807 14.071 54.736 13.892 99.885 7.483 73.607 15.716 117.473 61.758 9.220 4.243 23.388 35.171 28.089 101.877 7.211 7.000 6.557 28.443 22.978 41.425 5.385 14.799 10.198 7.280 20.952 47.064 269.229 77.730 19.235 7.616 57.280 19.131 78.218 5.916 108.069 20.469 10.583 7.416 9.899 6.245 15.937 65.353 11.874 101.188 19.621 113.842 30.249 11.533 60.852 23.108 17.407 127.722 125.212 8.367 12.207 11.402 14.387 24.310 12.845 6.403 21.190 15.199 18.682 12.570 7.874 44.102 11.576 41.905 18.493 22.561 9.592 7.211 18.708 24.698 196.120 27.386 57.593 6.633 15.937 93.226 43.589 170.244 27.839 58.966 11.619 10.724 24.900 24.515 17.720 44.430 22.869 8.485 6.325 5.568 4.123 187.120 9.381 3.873 8.367 7.937 193.028 203.438 13.115 8.775 10.440 25.690 34.699 13.528 11.402 16.912 143.854 17.833 10.630 190.665 8.832 13.229 18.466 27.677 9.747 6.928 16.523 18.466 20.785 39.636 19.774 8.124 203.170 48.000 193.724 8.832 6.403 9.644 8.944 7.746 6.856 5.657 9.695 75.875 7.810 5.657 14.697 25.417 18.166 6.928 43.543 9.747 28.548 7.550 6.856 11.402 118.533 19.416 21.166 37.895 30.773 8.062 259.523 46.551 94.578 8.000 9.899 137.902 7.211 20.174 37.670 9.747 13.565 12.329 10.677 8.944 20.543 19.698 31.353 8.367 29.155 9.487 24.900 11.269 84.741 15.492 108.940 37.121 15.427 37.283 111.683 12.207 32.202 8.124 65.383 49.639 7.810 8.062 90.205 193.843 14.000 28.688 122.074 7.483 8.718 10.247 8.246 7.280 53.712 15.067 12.923 34.655 11.136 10.000 23.409 24.658 10.909 9.849 13.928 9.000 9.165 9.695 56.648 49.639 25.749 10.198 8.246 70.810 15.906 107.406 8.307 60.299 14.765 20.518 11.489 36.932 60.092 36.986 141.824 30.838 14.457 23.388 67.424 99.408 75.432 8.775 11.000 46.195 92.331 24.718 39.762 11.136 42.977 7.746 29.799 38.458 43.370 10.909 60.241 8.246 8.124 63.340 26.683 11.000 29.715 47.833 177.710 30.643 7.616 94.159 10.954 25.826 41.146 107.443 7.348 7.874 7.141 71.652 36.606 7.280 214.672 9.274 71.561 13.342 11.446 24.556 23.043 106.897 7.810 29.155 49.224 20.445 25.749 147.553 4.690 6.633 43.000 6.481 13.454 10.050 10.050 9.381 6.000 81.277 31.113 138.514 22.782 85.135 5.385 4.243 6.928 34.395 284.403 16.823 5.916 38.910 16.523 61.033 39.737 6.481 11.446 6.481 19.570 229.913 18.028 23.917 17.664 7.874 10.149 18.841 32.419 46.540 120.478 172.317 85.446 39.459 21.448 11.747 21.213 11.874 38.039 13.892 7.280 7.874 4.690 109.681 5.831 12.042 14.107 115.451 95.268 28.089 23.685 26.211 9.110 69.109 171.441 19.621 13.304 5.657 19.391 20.976 18.735 37.189 91.995 15.100 114.372 11.662 6.000 27.911 59.808 11.180 97.929 40.841 15.199 107.299 96.442 25.100 78.594 188.958 10.247 56.939 10.296 26.851 75.644 23.664 53.666 32.326 28.513 6.325 23.324 65.658 45.078 6.245 7.483 69.333 6.403 41.207 242.460 12.923 5.196 71.826 11.314 8.124 7.071 14.353 73.103 13.191 4.359 20.100 10.677 20.952 8.485 45.706 28.914 14.422 8.185 141.975 25.338 22.847 32.202 45.508 203.079 29.069 9.798 8.307 52.038 40.460 18.303 10.198 36.277 30.854 84.071 11.662 8.832 16.941 10.000 8.426 9.849 64.630 32.435 6.928 6.083 7.810 8.426 10.247 146.717 28.373 5.385 79.139 29.292 12.845 6.245 7.681 13.038 11.225 14.107 7.000 13.077 75.677 140.064 29.428 49.447 13.379 143.652 6.245 12.490 7.550 19.672 40.939 7.211 29.309 5.745 111.032 8.000 31.177 10.100 41.158 28.862 82.091 139.564 18.166 7.810 5.477 9.110 9.798 15.780 33.451 73.314 24.597 4.690 27.550 43.116 215.107 30.183 13.675 2.646 18.520 12.961 38.743 30.790 12.166 5.745 121.396 73.451 13.784 9.110 47.053 8.602 39.862 52.374 15.395 7.681 9.899 6.481 18.947 10.863 11.358 8.832 6.164 28.844 12.288 8.660 15.067 7.416 35.256 62.944 70.576 46.011 5.477 8.000 173.856 24.920 19.183 166.412 29.326 18.547 13.266 27.423 40.988 11.576 9.950 11.705 61.327 16.401 4.000 6.481 11.045 8.367 185.051 29.833 30.414 60.440 39.837 11.180 8.367 57.801 6.708 34.598 7.616 17.292  
0.000  
6.856 0.000  
6.633 7.280 6.633 50.249 9.110 21.541 137.666 14.422 83.768 3.742 23.685 6.245 5.477 8.660 10.770 55.036 25.020 23.431 25.259 6.000 18.193 31.765 9.539 82.037 12.329 26.249 25.436 14.799 3.162 38.328 2.828 97.586 42.814 2.000 8.426 12.767 10.817 5.385 11.958 28.054 3.464 12.207 23.281 1.000 43.220 14.967 8.124 3.873 4.123 26.096 4.583 4.243 2.236 27.982 53.122 10.247 34.088 13.115 7.810 24.331 3.000 5.099 7.937 8.246 5.292 2.236 17.944 7.810 2.646 89.532 8.944 1.000 0.000 5.916 90.846 53.656 5.477 5.000 13.077 3.162 40.348 25.884 5.831 1.000 6.481 75.993 13.601 33.362 4.000 135.650 26.382 116.996 139.925 11.790 23.281 15.100 14.933 18.000 14.832 6.782 2.000 19.053 61.482 57.088 40.262 17.916 33.511 8.246 10.392 1.732 22.672 2.449 8.124 5.292 5.568 28.284 11.000 10.770 17.146 3.317 3.464 61.123 12.083 4.243 10.630 3.317 23.749 8.602 31.890 4.123 3.317 6.633 95.504 21.213 3.742 11.874 41.024 6.083 1.000 21.954 45.166 33.496 4.796 25.884 14.353 29.799 18.412 19.900 19.053 13.115 16.186 32.465 84.723 42.849 1.000 70.136 3.000 6.245 9.434 30.332 3.464 88.289 10.344 4.000 17.407 13.784 1.000 2.828 3.464 1.414 37.683 12.649 3.000 26.833 11.576 4.123 37.027 36.797 5.831 4.123 28.267 55.588 8.367 7.141 4.243 5.292 7.483 4.583 11.916 62.169 7.681 35.693 8.775 8.124 8.426 28.931 5.477 31.780 2.828 8.944 5.477 2.646 16.093 73.430 89.129 6.164 7.746 14.457 3.317 10.630 8.307 10.863 5.292 33.045 48.425 11.000 8.660 34.814 8.246 94.451 3.317 25.456 6.325 11.958 3.606 3.464 35.327 29.883 29.580 36.194 90.989 1.732 12.369 3.464 75.260 2.828 20.712 42.884 5.657 38.497 6.403 27.258 6.164 5.196 6.403 28.879 10.050 39.912 4.796 19.131 3.317 12.288 6.245 23.664 1.000 22.316 42.462 38.380 5.099 53.787 7.280 8.544 7.348 2.449 16.462 2.236 131.765 31.432 9.487 9.798 17.692 7.874 11.000 6.000 6.000 14.799 4.000 47.000 6.633 16.432 6.245 10.724 3.873 4.583 9.747 7.746 6.403 20.736 52.640 4.472 6.856 8.775 52.868 3.606 14.036 8.185 8.185 8.832 6.083 8.246 11.958 8.307 6.782 84.350 17.521 9.487 4.472 50.666 9.165 9.000 5.000 8.888 6.000 6.000 4.359 16.553 22.539 4.243 0.000  
0.000 1.000 15.232 2.000 5.099 23.854 4.472 11.705 0.000  
3.000 4.796 1.000 2.646 23.770 6.083 10.344 0.000  
13.565 2.000 2.449 23.495 2.828 10.724 0.000  
7.211 21.024 67.809 11.747 66.151 3.162 15.427 5.916 6.164 6.633 6.708 50.823 16.643 18.601 18.166 5.657 15.652 16.763 8.000 78.511 6.782 16.462 15.843 11.576 4.472 31.843 0.000 93.177 25.080 1.414 8.367 11.225 4.359 7.616 15.875 30.968 4.359 9.000 18.708 2.449 43.232 7.483 10.100 1.000 2.449 21.424 6.000 2.000 4.472 28.089 46.109 15.033 24.269 11.136 10.954 13.304 3.000 6.782 7.071 9.220 9.381 3.162 16.462 7.280 4.000 74.223 6.403 2.236 2.236 3.873 84.416 52.019 6.782 7.071 8.367 3.000 38.066 23.022 7.937 1.732 6.403 72.484 11.619 20.952 7.416 79.887 25.981 117.945 87.818 9.849 22.249 7.416 12.450 21.213 12.288 7.141 2.828 16.583 48.384 37.974 28.496 20.952 23.195 7.810 6.481 0.000 19.287 4.000 12.490 6.245 5.099 30.935 7.483 18.868 12.207 4.000 4.690 51.507 9.381 3.317 6.633 4.796 15.199 7.141 19.698 4.000 3.000 5.292 99.980 23.388 4.899 12.490 32.879 6.403 2.828 18.000 44.733 33.242 3.606 16.793 15.620 29.883 18.028 14.107 18.466 11.000 15.875 20.298 67.476 42.012 6.928 68.644 4.243 7.141 11.225 24.678 4.583 63.695 6.856 9.434 25.239 9.487 2.000 4.123 8.367 0.000 30.610 6.928 4.243 23.152 9.055 2.236 18.166 45.913 4.472 5.477 13.964 31.464 8.718 6.633 7.937 5.000 5.099 2.236 10.392 55.749 2.449 36.742 6.325 8.185 11.136 24.228 2.449 19.519 0.000  
5.916 30.463 1.732 18.276 2.000 6.403 2.236 2.646 7.000 0.000  
54.891 5.745 34.073 1.000 7.483 3.162 1.000 3.464 4.583 22.694 17.029 12.649 13.115 3.742 8.426 11.705 5.099 33.136 4.583 11.958 11.489 7.141 0.000 17.234 1.000 42.119 16.763 1.000 2.828 8.775 3.000 2.000 5.657 10.392 2.000 5.196 9.110 2.000 16.401 7.483 3.000 4.359 2.646 15.652 4.243 4.472 0.000 9.849 21.541 3.000 15.620 5.385 5.657 9.539 2.000 1.000 1.732 5.196 4.123 0.000  
29.900 190.460 14.560 45.978 30.545 15.166 25.357 13.454 174.516 38.039 57.472 42.930 18.574 36.414 45.815 14.697 262.762 24.269 46.658 52.612 25.000 10.247 83.827 14.353 292.003 66.955 2.000 23.558 21.071 14.967 15.362 29.983 76.072 13.379 23.749 45.727 9.000 122.070 25.000 23.707 6.708 10.863 44.989 17.000 14.248 9.899 62.266 143.010 27.622 61.229 22.249 29.206 57.715 7.071 16.155 13.892 15.811 22.891 11.446 40.804 18.947 8.832 235.249 23.152 11.874 5.099 13.820 258.859 130.092 13.266 16.186 21.610 12.410 97.806 64.281 12.806 13.565 14.387 213.892 32.741 54.397 14.595 190.284 69.757 373.216 257.468 26.833 39.799 26.173 22.249 59.144 42.485 23.087 8.602 47.718 150.765 98.234 83.138 46.141 64.070 14.595 17.550 12.806 43.761 10.954 28.965 9.381 17.521 82.505 18.083 30.381 34.871 9.539 11.000 130.840 22.249 12.610 14.560 17.720 35.157 21.424 58.592 13.675 14.387 15.716 332.878 51.420 18.574 40.890 82.492 21.119 5.099 42.930 122.008 90.161 13.928 38.626 44.091 79.486 42.450 32.280 39.598 26.173 42.485 54.470 197.360 120.569 10.392 212.316 5.657 13.748 22.271 52.991 11.958 171.155 17.776 16.823 54.873 21.401 10.583 7.616 18.762 10.817 76.714 20.591 10.863 72.519 29.326 10.296 49.619 128.464 13.153 9.849 32.772 82.189 21.633 18.974 21.863 12.207 15.780 9.487 19.235 161.025 18.708 75.472 24.042 20.347 22.869 91.597 8.246 45.233 10.247 20.149 18.466 7.280 25.981 159.747 302.914 13.675 21.863 22.716 14.318 17.263 23.152 28.844 24.940 109.695 85.569 24.839 27.037 75.862 19.545 363.328 19.339 68.279 14.036 33.481 18.166 8.246 66.174 46.336 45.935 52.278 242.103 12.845 23.622 10.677 232.775 14.663 44.227 75.624 8.062 73.986 14.697 71.645 15.588 14.731 13.491 78.282 12.166 93.552 9.327 36.892 12.247 16.912 23.238 59.330 13.153 77.608 83.988 63.750 14.560 110.381 24.104 12.329 24.474 13.601 20.809 13.892 235.268 70.491 34.598 22.338 35.369 14.213 24.799 11.269 14.107 27.423 11.269 78.384 13.820 30.952 23.643 33.764 11.576 14.629 19.494 25.652 14.629 41.085 90.383 21.190 15.556 13.565 152.381 14.663 29.257 31.780 19.261 24.799 13.928 13.964 22.650 17.720 20.372 251.950 39.787 27.839 10.954 71.993 14.832 29.715 15.460 18.841 22.068 12.247 11.916 31.097 37.947 12.728 11.358 38.026 9.110 20.322 53.656 20.785 151.552 26.325 20.469 135.923 115.827 5.385 13.229 26.814 58.361 18.083 94.831 22.494 23.409 56.868 4.690 40.137 26.134 47.297 153.176 237.253 13.191 74.960 13.077 219.287 36.469 14.353 13.675 29.223 8.062 43.738 21.237 166.757 36.647 103.600 18.788 29.086 20.298 190.158 56.089 11.958 17.493 48.570 94.313 20.075 8.888 10.488 93.408 333.446 23.367 43.623 15.033 23.937 220.692 21.886 21.142 7.211 89.404 15.199 27.166 15.033 14.832 14.422 82.244 10.247 22.869 11.958 183.295 12.124 35.398 153.454 48.611 16.093 86.620 89.499 64.211 69.950 24.880 10.724 143.753 18.358 42.860 11.832 13.000 51.078 74.236 14.283 3.000 9.849 14.071 35.157 14.422 62.570 71.091 16.432 9.849 22.450 24.269 125.332 78.657 80.573 33.362 10.050 103.764 14.283 52.297 51.235 39.522 95.781 252.018 93.856 19.975 14.457 15.811 12.450 13.964 20.494 48.877 14.177 16.371 17.972 36.152 67.750 15.395 81.939 222.097 37.216 45.837 46.282 53.991 29.223 120.495 44.811 20.000 46.336 29.155 17.635 17.578 47.791 10.536 18.412 182.494 18.385 16.155 131.419 14.107 21.726 30.529 20.518 45.989 22.891 33.362 41.413 70.753 81.105 99.690 26.249 10.677 53.628 10.770 21.679 9.110 127.554 7.681 35.665 17.578 159.063 10.863 17.972 65.643 7.348 27.129 10.344 24.166 24.900 75.690 50.784 24.104 10.536 12.884 20.688 20.421 28.125 6.083 164.061 268.708 22.760 23.516 279.392 11.045 20.174 19.799 14.595 37.630 12.247 52.602 33.030 17.916 57.061 41.581 22.068 5.292 23.152 14.697 12.767 34.351 43.046 49.092 29.309 33.853 35.637 63.506 79.354 5.916 45.902 24.125 98.321 122.364 4.472 19.799 13.784 42.083 19.748 16.279 32.016 44.621 29.866 20.421 64.273 26.287 217.904 20.928 126.012 39.699 9.592 33.272 22.338 27.767 83.618 49.366 91.967 29.292 131.746 288.350 17.464 47.676 46.249 9.000 48.239 26.096 11.225 14.765 9.592 13.638 95.000 54.681 21.726 10.050 265.206 19.875 17.146 11.874 15.362 24.434 17.833 263.670 14.629 55.498 22.249 14.036 64.281 10.724 16.971 18.248 13.675 28.531 236.231 22.672 39.192 12.000 10.583 23.259