4.899 0.000  
0.000 0.000  
4.000 1.414 0.000  
6.782 0.000  
10.770 2.449 5.385 1.000 19.391 11.402 58.788 12.845 27.258 75.406 7.937 3.464 100.950 10.000 12.410 56.551 9.327 8.000 40.583 11.136 10.583 27.622 6.000 11.225 63.095 30.919 19.000 49.950 54.827 37.430 6.245 7.874 3.606 5.568 3.873 47.958 4.123 40.657 5.568 3.464 26.683 19.570 4.583 5.385 30.463 59.304 4.796 6.000 6.245 4.123 37.656 7.810 8.426 8.485 46.808 29.833 18.221 3.000 11.402 24.310 9.165 73.396 7.483 44.609 11.314 7.416 5.831 5.385 12.369 33.912 22.249 7.348 61.164 8.185 19.596 29.257 4.359 2.000 18.385 10.909 10.050 28.844 2.000 12.530 78.358 7.211 15.395 93.888 6.557 10.247 8.602 5.568 7.874 5.831 35.157 16.643 5.099 35.143 9.000 21.166 11.705 15.067 5.916 3.162 82.037 3.464 56.027 6.633 22.472 35.525 3.000 19.925 12.767 57.332 6.928 4.690 60.737 98.646 20.952 5.745 4.583 1.000 2.646 126.218 12.083 8.307 10.677 34.161 38.301 12.649 35.043 26.907 103.697 5.385 43.359 2.828 86.764 6.325 3.464 8.888 11.958 5.916 29.017 1.000 4.359 31.575 14.697 21.564 19.596 8.307 6.481 7.937 42.332 55.991 4.359 8.888 37.256 8.062 3.317 41.134 17.176 8.775 13.711 11.747 7.616 96.571 19.079 9.165 8.832 9.381 6.928 43.451 6.782 5.657 23.043 19.339 10.149 4.000 15.811 87.178 7.211 47.117 103.068 12.124 6.928 7.348 78.467 6.325 8.660 6.164 3.317 1.732 9.000 14.107 9.487 59.481 23.516 6.708 4.690 3.317 78.696 2.646 27.276 53.310 5.657 5.385 2.828 24.678 35.256 1.732 10.536 4.690 9.950 10.247 11.874 19.900 10.050 114.320 16.673 34.627 7.681 4.899 3.000 8.775 63.765 17.000 37.229 19.621 4.583 35.143 98.615 12.689 13.342 10.050 13.892 66.023 22.978 33.272 62.418 9.539 56.080 46.851 7.550 13.342 20.469 30.496 7.874 12.961 3.317 14.933 0.000 14.457 2.000 5.568 8.307 41.146 5.568 4.472 11.045 8.485 97.376 10.817 13.528 11.874 13.038 71.736 2.236 16.155 113.978 11.180 5.292 15.716 18.166 7.616 26.382 45.530 77.208 15.427 21.817 5.196 5.657 44.418 37.256 66.076 32.031 53.432 31.097 8.426 15.264 6.856 8.602 5.916 12.207 5.477 55.055 13.601 116.550 55.045 4.472 0.000 4.472 11.314 20.421 16.882 4.899 8.660 4.472 13.820 12.610 7.746 11.874 68.615 5.000 29.983 18.028 5.916 2.236 6.782 38.884 5.292 7.550 27.037 12.369 11.747 47.843 61.351 40.037 45.122 69.764 15.811 36.756 13.342 13.038 15.969 49.639 12.124 3.000 1.000 32.140 8.367 31.953 9.644 27.713 29.411 3.000 4.899 13.454 4.690 6.928 4.472 8.832 5.657 88.431 72.966 32.496 11.790 7.681 6.000 54.461 5.916 22.136 4.690 11.180 10.440 10.344 15.492 16.248 32.757 66.098 36.056 10.100 8.544 8.888 10.440 7.616 11.269 49.629 6.164 15.652 1.732 16.401 7.280 69.000 1.000 7.141 81.382 9.592 15.716 3.317 89.766 34.583 28.267 11.446 9.950 5.745 15.199 2.646 56.143 21.142 140.961 53.619 10.000 85.493 38.897 5.292 22.561 1.000 18.028 9.000 6.633 5.000 10.583 75.518 3.464 5.657 42.615 12.000 13.565 3.606 4.472 11.705 18.708 66.633 15.969 12.610 5.477 31.591 5.000 31.733 6.164 13.379 9.592 5.000 9.487 14.000 3.317 4.000 78.543 8.832 17.521 3.873 0.000 7.616 26.495 118.541 6.856 8.000 8.832 39.825 12.923 2.236 1.414 84.923 5.568 9.274 24.454 8.426 47.613 7.141 8.062 39.509 4.472 5.196 1.414 41.134 110.123 38.639 2.449 47.371 23.580 7.000 117.745 71.386 29.155 17.378 5.657 2.828 15.133 12.610 61.490 8.485 5.916 9.434 7.000 3.000 20.469 10.296 8.062 12.083 7.416 6.000 5.385 56.267 12.961 6.245 12.207 18.412 7.071 5.568 8.124 4.583 11.958 10.100 44.788 69.282 8.124 4.359 35.581 6.403 2.236 12.247 15.937 7.071 4.583 5.292 31.385 11.045 5.477 6.245 8.832 43.046 21.564 7.071 3.317 20.075 12.806 3.742 20.494 3.000 52.192 24.290 2.449 14.526 75.240 4.690 58.975 10.198 43.093 21.703 10.100 16.553 31.544 4.690 12.806 8.367 22.136 8.307 31.385 4.472 2.236 22.517 4.899 4.359 6.164 6.633 5.196 16.823 8.062 75.399 4.583 4.243 28.792 25.671 5.000 22.539 12.923 9.798 8.000 6.325 38.884 16.583 3.317 3.464 10.583 16.793 8.185 32.000 9.000 31.145 8.062 8.718 1.414 12.490 20.199 1.000 42.024 4.583 1.414 16.279 8.246 86.695 7.616 7.483 6.557 9.695 45.607 29.682 95.467 3.742 7.550 28.460 27.803 2.449 8.062 4.899 41.605 29.496 12.649 70.739 6.000 43.966 18.303 71.365 16.793 2.646 5.831 4.243 5.196 5.831 13.491 6.928 7.416 18.221 30.627 0.000  
0.000  
0.000  
0.000  
2.000 0.000  
5.000 19.183 5.196 8.000 27.731 5.568 0.000 25.846 5.568 4.472 18.574 4.472 3.162 13.115 6.708 5.916 12.369 5.292 6.000 18.947 9.899 7.141 20.591 20.273 13.379 0.000 2.449 3.162 2.000 0.000  
10.724 3.317 5.000 18.868 3.873 0.000 17.720 2.000 1.414 8.602 2.236 4.000 5.831 6.164 1.000 6.164 3.162 3.162 11.446 7.746 3.317 15.620 9.849 9.950 0.000  
14.765 31.032 91.329 10.440 8.000 114.943 10.198 17.833 69.152 15.100 14.071 39.064 9.220 17.748 31.464 6.856 16.000 69.029 35.735 20.905 48.990 72.822 39.077 10.000 6.782 3.317 7.348 1.732 55.009 4.899 54.900 6.164 4.583 42.083 20.928 7.810 8.367 41.400 60.008 6.708 7.071 4.123 5.477 40.522 5.099 9.899 9.110 50.239 25.768 22.136 7.810 14.595 28.089 10.198 80.678 8.426 47.948 15.297 8.602 11.045 6.928 15.524 36.770 30.822 7.550 59.076 13.565 11.045 24.960 8.944 7.141 14.142 18.276 15.033 45.804 4.359 13.454 80.393 11.533 19.157 86.464 5.657 14.765 11.489 8.307 11.269 7.071 29.086 17.407 5.000 47.159 5.916 31.016 10.198 16.401 9.327 7.416 72.326 6.557 45.891 11.314 15.843 34.482 7.810 32.711 17.234 58.241 6.708 6.164 68.622 107.252 16.733 5.477 4.359 4.796 5.477 143.969 16.673 11.269 13.038 46.989 27.495 24.207 41.641 26.401 109.959 7.746 42.591 3.873 67.617 9.798 3.606 10.296 19.875 6.856 32.280 4.243 8.775 28.740 22.869 33.377 18.385 14.000 8.367 7.616 33.106 56.036 6.481 10.198 32.187 11.446 8.602 30.594 12.083 10.863 19.647 14.071 9.434 95.300 22.226 12.124 10.583 8.000 8.544 54.065 10.247 4.359 32.450 30.463 16.371 8.124 17.349 98.199 6.782 40.534 111.225 13.528 9.381 9.592 66.091 7.071 7.071 4.123 8.307 7.071 6.000 12.288 9.950 74.101 21.633 5.477 2.646 6.633 89.140 6.856 27.659 47.043 4.796 4.243 5.000 21.471 53.310 2.646 9.110 7.937 10.050 7.071 15.033 30.381 21.048 116.906 18.358 57.793 9.747 6.164 2.449 9.695 71.218 19.824 31.273 17.234 4.000 36.428 105.252 12.124 11.662 13.304 23.770 85.831 35.482 40.963 67.112 9.274 65.276 62.370 6.245 11.705 25.904 24.083 10.344 14.422 6.164 25.671 1.414 9.695 5.099 3.742 3.873 52.029 4.583 11.576 10.050 10.536 113.093 10.488 16.062 14.353 13.784 54.019 3.742 17.146 126.028 8.062 9.487 10.344 18.330 11.958 35.426 58.498 69.735 20.322 28.775 7.416 6.083 59.983 42.285 72.787 22.782 74.967 31.859 12.845 24.454 10.536 9.327 4.123 13.528 5.196 71.575 15.684 121.865 60.926 7.000 1.414 6.325 17.436 12.124 12.767 6.708 16.031 5.916 10.954 17.464 5.831 17.861 53.254 8.367 33.719 18.330 10.536 3.742 7.141 52.564 10.817 7.280 26.870 15.524 23.108 58.344 63.459 54.763 52.536 79.164 16.941 40.025 10.863 15.264 17.263 65.406 26.814 2.236 2.828 33.392 7.348 41.388 11.000 22.472 39.332 5.385 5.196 13.000 3.742 9.110 6.928 16.462 6.164 95.593 75.087 34.886 9.592 5.568 7.681 57.974 3.162 29.360 7.348 13.928 12.884 11.225 15.524 17.804 27.276 71.770 32.787 14.036 6.633 9.327 14.142 13.416 13.342 47.875 10.050 16.093 6.557 22.605 6.928 69.907 3.742 9.747 91.126 13.638 18.841 3.873 85.229 41.509 30.364 11.790 13.191 8.062 16.492 6.633 75.472 19.365 136.697 54.982 9.000 107.396 41.437 7.141 29.360 5.831 18.385 10.630 14.353 5.831 14.213 77.479 5.477 11.747 51.274 17.578 16.340 4.472 3.742 9.434 36.152 73.287 16.217 10.100 7.416 36.428 10.198 28.965 10.344 24.310 12.490 8.124 9.055 22.338 4.243 8.660 86.493 11.402 21.119 6.782 5.196 7.810 22.517 138.322 8.485 8.185 11.489 45.706 14.526 8.367 2.000 92.488 5.196 13.153 37.242 7.211 61.612 8.426 11.269 42.556 7.937 7.483 5.745 53.554 103.330 51.088 2.646 54.781 23.152 11.180 95.126 65.069 33.257 23.833 9.381 6.083 16.310 17.720 84.457 13.229 5.916 10.583 4.243 3.873 13.928 10.954 10.488 17.059 5.385 4.583 5.568 69.065 14.560 7.874 13.601 28.054 9.849 5.745 8.775 3.317 13.856 14.900 58.907 60.605 10.724 4.583 36.111 7.874 6.083 14.353 17.059 6.708 7.874 3.873 44.079 13.077 4.359 6.856 14.283 39.749 21.840 10.724 7.874 28.460 9.899 11.045 27.821 7.681 45.144 26.230 2.236 13.229 76.518 6.403 62.634 9.487 54.129 16.432 11.916 17.349 41.061 4.243 12.207 6.856 26.019 9.000 35.763 8.888 5.916 35.903 7.211 6.164 14.177 6.325 6.928 28.125 6.083 73.905 3.317 3.606 35.482 31.241 7.071 24.104 12.689 11.533 7.483 17.205 35.958 26.249 5.831 5.292 17.664 16.763 9.434 25.080 7.000 34.612 10.440 6.557 2.000 14.765 23.749 3.317 57.437 11.000 5.099 21.024 10.954 94.805 5.000 12.288 5.477 13.229 59.464 45.166 106.705 7.550 7.746 21.932 32.512 6.928 5.196 6.000 57.271 36.125 11.000 61.766 11.091 54.507 20.125 65.452 15.395 5.477 9.798 1.732 9.327 9.220 18.788 6.856 7.280 15.906 26.646 4.583 8.775 5.292 18.493 96.115 34.699 69.159 7.550 5.196 4.583 46.109 7.616 2.000 104.465 24.042 10.954 13.342 4.000 25.690 13.565 9.000 55.009 7.937 18.000 7.071 8.062 50.626 29.292 18.547 57.350 19.235 9.798 6.000 18.028 9.644 16.093 68.498 27.857 13.820 3.873 12.689 14.142 21.494 15.620 48.600 12.767 26.476 5.657 13.191 2.646 54.608 14.832 107.907 45.869 35.511 9.644 14.595 11.136 57.619 14.967 84.947 41.097 5.000 7.810 133.203 31.496 7.348 11.916 12.570 25.456 13.820 10.536 6.782 25.923 32.156 80.087 3.873 9.165 68.213 38.523 9.644 10.536 5.916 23.409 15.232 18.574 8.307 11.180 16.852 4.899 7.616 5.385 41.376 7.616 5.831 37.590 3.162 7.483 31.193 10.149 10.863 11.662 2.646 32.404 13.491 6.928 5.477 9.798 6.557 10.863 12.923 7.280 18.947 42.237 9.110 13.892 7.681 50.388 23.000 5.196 11.619 2.236 41.893 66.880 11.358 22.627 106.864 5.196 30.708 9.747 29.715 37.815 21.024 9.327 3.873 23.022 5.477 21.703 3.742 10.149 6.708 2.646 17.889 84.244 136.040 7.416 62.434 79.912 20.469 6.633 19.313 48.559 5.099 13.964 14.000 66.618 7.141 22.694 14.177 15.875 2.000 8.660 5.745 18.788 38.897 4.000 9.747 4.359 15.875 64.846 19.105 68.688 19.261 11.446 7.071 74.953 10.488 27.276 6.164 10.392 13.820 4.123 4.123 89.822 4.243 3.873 7.616 10.954 37.670 29.343 2.646 61.245 80.175 19.105 24.062 59.816 4.899 8.944 6.325 30.017 9.950 5.292 18.330 7.483 8.246 10.770 7.348 11.000 5.196 6.083 18.385 6.403 9.487 19.000 44.967 39.294 5.196 6.403 31.145 4.123 6.245 39.268 4.690 5.292 8.544 44.855 7.141 83.946 46.583 11.619 13.820 16.852 10.296 41.231 13.077 8.775 73.464 17.000 15.969 22.825 17.889 18.815 23.431 6.557 6.481 5.000 71.582 10.296 13.153 11.180 16.583 105.958 35.917 24.125 7.874 9.798 12.288 9.695 29.138 7.211 7.550 10.630 5.745 19.442 46.540 8.775 111.620 26.889 22.738 8.185 14.036 6.481 25.199 6.633 9.539 28.160 13.601 11.489 6.403 20.881 7.874 20.616 17.748 29.530 8.775 21.213 51.478 3.162 24.145 5.196 7.348 4.123 5.292 16.279 6.245 16.971 8.426 7.000 12.329 7.810 10.296 13.000 7.071 12.845 39.166 15.264 5.099 4.123 7.348 103.581 6.325 17.349 7.348 35.454 104.053 4.796 22.450 3.606 6.782 9.539 19.026 11.225 5.657 34.264 9.274 34.380 7.937 24.819 1.000 12.530 5.568 42.166 105.660 8.062 9.592 4.690 40.447 10.724 0.000 2.236 10.198 49.497 9.899 9.381 9.849 7.280 107.247 14.213 77.820 74.189 5.292 11.225 43.347 5.916 32.894 4.796 12.570 9.434 20.857 13.115 43.955 19.026 1.000 6.928 10.954 16.613 3.742 26.702 43.347 12.083 7.141 9.644 95.063 8.124 14.866 29.309 6.245 6.164 44.068 12.410 11.619 9.747 10.247 3.873 19.416 8.888 9.434 31.193 12.288 1.000 7.550 5.000 7.071 54.240 55.669 6.708 10.247 25.554 61.025 21.517 5.831 39.408 23.108 26.382 8.718 57.009 28.601 47.885 48.898 7.810 9.592 8.124 11.489 15.460 37.000 19.079 20.100 17.234 10.392 5.568 16.703 46.957 7.280 21.190 6.782 3.464 18.708 100.737 36.083 7.746 9.220 88.040 10.296 30.594 9.165 7.416 12.490 5.568 8.307 6.856 16.553 11.916 4.690 12.207 60.696 11.091 8.718 18.921 54.240 11.832 16.340 41.195 8.832 20.421 28.231 29.189 110.000 9.592 10.536 38.743 5.745 107.513 36.455 14.422 108.462 9.434 67.676 10.536 21.401 64.545 71.896 6.000 12.689 5.196 145.908 8.185 4.359 9.539 30.676 13.892 6.633 11.446 9.950 71.652 9.849 43.405 31.369 7.483 5.099 8.062 3.606 44.900 4.359 18.682 16.971 23.622 94.647 12.767 4.359 8.000 3.873 7.211 11.747 53.749 57.706 3.873 18.111 4.000 28.983 7.000 3.464 10.583 18.221 11.662 10.770 42.720 21.237 41.893 44.866 25.456 9.165 19.672 6.000 11.225 6.164 11.045 96.047 6.708 19.209 8.888 7.483 94.324 35.454 9.899 3.162 116.039 10.100 63.663 40.939 5.916 42.825 40.682 18.111 29.240 4.796 10.296 54.295 59.649 12.207 11.446 67.926 44.565 13.416 5.385 113.296 70.626 23.108 9.327 16.613 2.449 32.512 13.077 2.000 6.245 36.729 8.944 86.267 11.136 11.136 14.663 47.339 4.796 4.123 4.123 35.581 14.422 27.857 7.071 78.275 6.708 29.138 5.000 10.724 3.162 95.373 14.731 89.811 22.091 25.923 42.059 2.000 33.287 10.392 16.310 62.984 27.532 3.162 44.576 29.120 7.810 40.472 13.454 13.153 5.657 17.664 4.690 1.000 47.223 4.243 18.601 39.192 11.747 66.008 5.477 6.856 8.660 32.650 10.863 6.164 8.426 22.271 5.916 40.100 13.115 40.100 22.204 29.900 19.519 3.873 7.416 12.042 5.099 9.487 14.900 11.576 5.831 85.691 8.544 22.627 35.029 16.155 23.749 68.710 25.475 7.746 8.000 7.141 22.913 7.416 28.425 43.715 5.292 5.477 3.873 9.434 17.664 0.000 42.308 4.899 9.381 39.408 24.799 5.745 12.288 22.450 6.481 10.863 11.136 5.196 7.937 39.674 5.831 57.446 6.928 88.595 52.887 8.485 8.367 6.782 8.544 10.440 3.606 12.610 21.142 8.124 5.196 9.950 23.108 5.657 11.662 11.790 37.921 4.472 6.083 6.000 8.062 10.583 17.321 30.952 5.292 15.875 8.832 6.245 13.820 7.416 11.874 15.969 8.426 31.496 36.865 36.783 5.477 12.530 22.472 56.062 4.899 8.246 104.014 10.724 8.367 12.247 11.662 6.164 21.448 7.211 2.646 119.256 41.581 18.601 8.185 7.746 34.044 15.716 11.402 74.826 3.000 15.395 36.620 46.872 5.385 95.901 6.633 7.874 9.381 53.404 22.978 21.024 1.414 82.365 41.952 31.337 12.961 59.800 68.272 71.183 69.699 8.246 21.354 18.868 53.207 6.245 16.279 18.628 77.859 62.362 53.217 9.695 10.770 10.344 7.071 14.491 21.237 9.055 79.737 140.321 5.000 28.601 53.600 8.888 7.141 17.493 5.568 24.536 11.358 7.000 7.348 51.643 78.032 7.874 35.496 68.345 54.763 10.344 10.149 27.331 19.875 21.794 31.032 94.335 21.095 7.874 9.539 2.000 6.557 132.049 8.124 22.847 2.828 6.083 2.646 26.344 1.414 45.464 37.121 109.257 32.894 9.539 57.775 15.748 8.246 9.695 11.180 42.988 34.161 44.878 18.412 14.036 5.477 14.900 16.093 17.944 125.407 4.796 26.230 7.280 9.000 6.782 6.325 8.544 9.747 12.806 11.790 4.472 13.266 5.477 9.644 22.316 6.481 42.415 24.104 9.950 6.083 23.043 8.485 81.191 2.828 4.000 16.793 14.526 18.138 5.477 6.000 8.246 12.728 16.340 6.403 12.288 21.237 7.416 47.896 10.000 7.141 9.798 8.775 6.245 37.736 5.000 6.633 19.157 39.900 10.630 31.097 15.264 57.663 9.747 4.000 49.578 7.616 8.426 51.010 5.196 8.185 14.765 34.843 11.446 6.481 6.325 9.327 18.276 8.832 12.288 9.165 15.524 13.528 19.621 8.944 23.216 15.460 14.697 21.331 58.043 61.164 8.000 17.321 66.933 9.539 20.785 97.683 11.958 8.426 27.928 4.472 15.524 5.745 9.644 93.349 94.260 14.526 19.261 7.483 13.379 7.211 21.448 3.873 8.660 22.068 10.296 7.550 19.053 22.804 3.742 7.000 3.606 65.100 6.856 9.592 6.557 3.464 14.213 8.307 39.560 125.411 61.903 14.595 52.364 60.448 7.000 58.771 8.888 13.229 9.381 14.595 9.899 27.785 123.693 7.280 5.196 47.518 5.196 6.928 25.060 59.950 7.416 4.359 7.280 3.317 5.831 8.426 13.638 32.970 10.296 13.077 9.000 9.950 6.245 18.111 10.050 62.032 8.544 10.296 9.327 12.329 12.728 16.217 18.493 38.936 6.856 7.874 3.873 6.325 14.526 67.602 10.050 29.462 30.643 4.690 7.874 5.477 69.606 18.788 5.477 23.537 9.327 20.174 32.000 23.173 2.828 6.708 3.742 7.141 8.888 142.092 11.533 13.638 86.412 84.101 9.487 2.646 5.916 5.385 9.644 9.220 5.196 24.678 14.283 11.705 71.302 18.921 6.557 8.062 9.899 33.926 65.651 7.810 31.129 5.657 8.367 9.110 30.282 83.361 4.359 8.718 12.124 5.568 5.568 4.000 10.536 10.100 8.832 53.488 48.836 129.445 5.831 12.042 51.865 92.271 34.307 5.385 3.606 20.347 34.395 6.083 51.235 56.701 5.568 35.468 3.606 6.325 27.055 6.083 8.832 35.819 45.826 113.934 13.491 4.690 25.554 27.821 13.229 55.055 4.123 2.449 23.537 67.372 94.191 6.164 10.392 9.055 17.692 9.592 7.000 12.083 6.708 9.165 7.681 20.712 8.485 61.376 20.567 10.344 47.686 6.245 25.612 5.385 5.000 5.477 91.635 7.681 2.646 20.445 9.274 5.657 25.357 71.148 26.926 21.424 33.985 104.551 114.460 20.050 8.660 45.978 37.510 10.344 68.476 9.644 44.147 18.788 35.539 13.892 11.832 4.796 13.784 51.894 13.601 12.530 39.497  
7.348 13.454 4.472 0.000  
37.417 4.472 4.359 62.809 5.385 16.310 31.559 20.050 13.038 14.422 4.000 9.592 11.180 7.141 6.245 33.226 15.166 10.296 24.698 34.044 28.496 7.211 3.606 0.000  
13.748 10.149 146.867 13.748 16.062 80.821 15.875 16.217 47.074 13.153 20.372 44.170 10.000 19.053 91.493 46.615 24.819 67.690 87.218 52.326 9.644 14.491 6.083 6.928 7.211 68.906 6.403 58.924 9.327 4.472 55.776 29.223 10.247 9.695 55.299 90.316 11.091 6.403 5.745 8.718 58.771 7.211 10.488 8.944 72.415 38.910 21.772 6.856 15.937 36.783 12.124 113.798 11.225 64.630 19.925 9.539 10.863 10.247 17.378 51.000 33.030 8.485 72.863 10.863 13.784 35.128 4.472 6.083 16.763 21.863 20.174 55.100 7.416 17.088 109.750 8.426 19.494 124.760 6.481 20.809 13.342 9.695 10.583 8.185 45.089 25.981 7.211 54.580 6.403 36.469 14.629 21.000 6.782 6.928 106.799 6.403 71.477 13.266 24.454 47.896 8.832 42.849 21.587 76.007 9.220 10.909 89.000 139.420 19.672 9.950 5.196 8.062 5.745 200.220 16.823 15.330 17.205 55.263 37.310 25.671 49.860 30.265 146.099 12.288 63.961 6.403 90.322 13.304 7.937 13.000 22.316 7.810 38.781 5.916 9.695 36.455 24.372 34.771 25.318 14.900 5.000 11.958 39.230 79.524 9.000 9.055 42.708 13.528 9.644 35.805 23.622 15.811 20.712 18.303 11.832 142.937 26.000 12.369 13.565 8.307 7.746 73.505 12.042 5.385 32.357 33.407 20.445 11.136 15.588 126.353 7.211 45.541 149.318 15.000 11.446 11.314 81.271 5.745 9.487 9.274 6.782 8.307 5.831 18.000 8.660 94.324 34.015 10.677 4.583 10.440 118.962 8.000 33.764 66.880 4.472 9.747 6.245 31.796 65.521 4.000 6.633 8.062 11.180 10.817 21.564 32.419 22.494 162.382 29.766 68.389 12.207 9.695 4.359 16.462 96.856 26.192 38.665 26.211 6.481 45.420 137.248 18.111 14.248 17.029 29.086 117.162 35.214 52.450 81.253 12.450 82.420 75.273 9.055 15.524 28.931 27.055 11.225 16.971 6.325 27.821 5.477 12.450 7.550 10.000 5.000 66.363 6.633 11.874 11.489 13.892 160.997 12.166 14.697 18.921 20.688 76.315 3.873 20.928 169.941 9.899 9.592 11.402 24.819 10.954 38.652 73.219 111.485 24.454 29.883 6.856 6.325 74.290 53.666 92.688 26.963 95.404 44.989 16.371 28.740 11.045 14.036 5.385 16.523 8.485 91.345 20.591 179.017 82.486 6.856 3.162 4.472 22.181 14.422 18.788 10.296 14.248 9.274 12.610 25.397 10.296 18.083 62.881 13.000 47.339 27.166 10.677 4.796 11.489 62.546 13.454 7.483 31.607 16.703 20.469 68.352 89.129 70.136 71.211 92.320 23.812 50.951 14.866 13.000 21.024 73.430 24.434 4.690 2.236 44.159 9.274 49.769 15.297 29.732 43.761 7.211 6.557 20.273 7.211 13.748 8.246 17.117 4.123 130.840 95.979 43.035 12.247 7.141 11.790 80.443 7.280 32.280 9.849 17.861 16.613 13.115 25.612 22.539 40.299 98.102 44.407 15.395 10.050 8.307 17.493 13.928 20.025 72.643 12.689 22.159 7.483 25.239 12.689 107.275 4.000 9.381 124.491 11.533 24.125 4.690 129.221 45.695 36.180 13.784 17.321 7.937 20.616 10.198 87.567 25.749 193.052 74.471 13.191 131.712 53.282 8.062 28.931 5.292 22.450 11.269 10.724 7.616 18.330 112.969 7.071 17.692 53.796 18.947 13.638 5.916 6.481 14.036 29.698 101.415 20.298 9.899 8.124 43.232 8.185 38.897 11.576 34.249 13.601 12.610 10.488 27.221 5.099 10.488 114.258 11.832 24.000 5.196 7.874 7.416 28.636 195.174 9.539 11.790 21.307 55.100 16.462 9.000 3.873 120.590 6.633 16.852 44.102 10.488 72.166 12.961 16.000 58.779 4.899 7.141 3.873 63.159 151.169 64.977 6.782 59.565 24.536 10.488 131.495 85.135 42.403 24.083 8.944 7.211 18.083 21.048 88.295 12.610 5.385 11.662 6.083 3.000 16.733 18.166 13.601 20.421 8.485 10.770 5.099 88.966 21.119 11.533 14.900 31.241 9.592 7.937 17.664 4.899 16.371 17.944 68.535 89.739 12.410 6.245 53.572 9.695 7.280 15.684 20.248 11.225 11.269 5.745 44.531 10.677 6.782 8.544 17.861 49.739 29.513 11.874 5.385 28.089 18.493 10.630 34.670 7.348 73.980 28.513 6.164 18.655 103.194 10.440 79.404 10.677 68.644 27.568 16.643 20.543 44.944 8.124 17.720 11.533 29.394 11.958 40.915 9.110 6.403 36.837 7.681 6.481 9.381 11.136 6.325 30.692 6.708 104.154 6.083 9.055 43.486 31.875 7.416 37.054 17.176 14.526 6.403 14.595 47.487 28.160 8.124 5.477 25.159 20.347 9.274 35.567 13.784 49.000 15.232 10.000 2.000 17.493 35.525 5.099 80.337 10.536 4.899 23.896 13.711 119.084 8.062 13.711 5.000 17.378 77.910 52.058 145.966 8.246 9.950 28.284 34.742 9.644 7.937 6.708 60.000 50.853 15.524 78.886 8.832 74.148 31.401 85.311 23.896 8.602 12.767 1.732 11.662 11.489 21.863 5.477 9.165 22.249 32.955 2.236 5.385 7.416 21.095 133.705 41.761 81.639 7.550 8.062 7.000 58.232 8.307 1.000 140.125 34.928 10.954 12.884 8.485 31.670 11.136 15.033 66.340 7.874 19.672 11.045 6.782 56.445 40.755 14.866 83.899 21.749 15.100 6.164 22.361 13.342 18.439 92.342 38.910 11.958 3.000 18.601 19.799 24.104 18.111 50.359 12.570 25.807 8.660 16.371 7.211 63.364 19.261 143.147 50.448 45.717 16.000 20.445 14.177 67.690 16.031 97.959 41.689 7.416 6.000 186.304 45.000 3.464 12.649 16.912 26.589 12.845 11.225 10.488 26.739 39.370 107.917 3.162 11.832 86.522 43.806 10.863 11.705 7.681 28.601 14.036 19.672 9.539 15.780 23.238 4.243 12.042 8.000 41.231 11.000 7.616 37.842 7.483 8.944 42.615 14.900 12.042 16.031 5.916 44.147 15.524 6.325 9.644 11.747 5.831 9.000 16.462 7.616 21.977 52.134 12.530 19.468 5.831 57.793 21.471 6.557 13.266 2.449 57.289 86.654 10.344 29.563 136.147 4.472 34.117 11.358 30.364 50.784 22.204 12.530 5.568 31.654 4.472 24.393 3.606 14.422 5.477 6.782 20.591 106.532 187.941 12.166 97.149 105.238 29.715 6.325 23.216 75.399 7.550 14.832 12.845 96.499 6.856 25.219 11.136 16.971 0.000 7.681 8.602 17.972 36.701 6.928 13.153 9.747 18.655 95.786 30.116 84.398 27.331 11.705 10.000 109.353 10.296 32.234 8.307 14.387 12.923 4.583 3.742 121.326 7.141 7.416 10.198 12.728 38.601 38.105 8.544 65.038 114.665 27.586 28.513 86.527 3.606 11.705 6.928 37.590 14.036 4.472 24.269 12.083 9.220 11.832 9.899 13.601 7.681 7.141 26.702 10.392 10.149 19.339 60.200 63.127 3.873 7.810 43.290 6.481 8.246 64.257 6.000 4.359 9.327 49.447 11.489 108.014 52.612 15.875 11.091 18.138 13.379 37.310 18.947 10.247 101.346 19.545 20.248 25.652 20.567 16.248 32.924 7.000 11.225 9.695 92.978 8.485 12.207 15.780 22.361 139.234 33.466 26.907 9.747 11.091 19.975 14.353 44.396 10.100 7.348 14.142 8.832 23.958 45.771 15.875 151.990 39.408 32.542 8.185 19.570 8.307 38.275 8.832 12.490 42.285 17.088 18.358 7.141 22.000 8.602 20.174 21.886 30.463 10.817 24.331 67.794 5.196 29.580 8.062 8.485 4.359 5.568 20.688 5.916 14.595 8.062 11.662 17.146 10.583 11.269 15.133 10.000 14.457 44.878 17.692 8.888 5.916 8.718 148.933 7.211 17.748 11.225 45.321 142.545 3.873 31.369 4.243 9.327 10.100 18.111 16.432 5.196 43.520 16.703 47.885 9.592 30.741 1.414 14.107 7.550 49.659 141.082 10.536 8.944 5.385 51.059 11.225 6.481 3.606 9.539 67.342 11.446 7.483 10.440 8.124 142.930 12.247 102.088 86.134 9.165 16.279 52.192 8.367 39.912 4.583 12.570 9.487 27.404 13.565 62.298 21.909 4.899 5.196 12.884 17.664 7.681 38.613 57.888 13.266 6.245 11.619 131.153 11.619 17.916 48.969 10.000 10.488 55.857 19.416 13.748 8.544 14.036 5.831 21.048 15.969 8.602 42.743 20.881 1.000 6.782 7.416 8.367 66.491 83.144 8.307 9.055 25.159 81.744 20.591 8.660 48.806 29.530 32.296 11.000 64.211 42.685 49.588 63.253 12.410 13.454 7.000 14.799 14.900 47.011 20.322 26.325 13.784 14.071 8.602 20.421 51.488 10.863 33.451 8.485 5.568 18.358 121.663 36.946 11.446 12.570 126.060 12.410 43.589 10.954 13.077 11.874 4.359 10.488 8.718 18.947 14.731 7.874 16.310 80.870 15.556 10.677 23.324 64.467 16.613 19.975 63.151 10.198 19.723 27.404 36.620 150.120 10.583 10.909 40.853 7.348 157.674 57.289 20.199 153.300 11.662 85.855 13.342 17.521 81.259 92.536 7.810 13.784 7.071 208.871 8.888 5.831 9.849 38.601 17.692 7.810 10.630 9.000 91.761 13.675 61.335 33.151 9.950 9.220 7.681 4.123 66.076 5.657 30.692 21.749 25.199 142.271 16.852 6.403 7.681 6.000 6.164 17.550 63.742 68.396 7.483 22.023 6.481 30.067 5.831 5.477 8.888 25.338 11.576 12.806 45.453 27.295 41.122 51.933 29.223 11.790 26.268 5.745 12.923 5.196 15.716 130.184 9.592 23.345 10.909 7.483 137.917 47.403 15.264 9.055 153.616 12.410 80.573 50.170 6.403 54.093 52.412 28.107 41.952 6.000 11.314 62.562 62.290 17.176 9.798 104.838 62.984 19.799 6.245 156.218 83.169 23.558 11.402 17.292 4.690 42.226 14.799 6.708 9.165 50.754 9.539 112.827 11.091 10.344 17.029 58.310 8.246 4.690 5.477 47.032 17.088 31.161 5.831 99.318 11.269 39.115 7.483 14.142 5.477 136.246 18.493 106.977 21.541 36.565 65.833 5.477 33.660 9.000 20.640 67.705 31.000 5.568 59.330 45.618 7.550 50.922 12.610 16.763 9.110 21.119 9.220 5.745 64.885 6.245 18.974 42.249 19.026 86.308 8.660 16.125 8.124 30.183 9.950 6.000 8.544 28.862 6.000 45.574 12.207 51.235 21.166 34.409 24.759 7.416 9.434 14.457 3.742 10.677 14.248 10.583 5.916 121.930 11.000 24.187 43.012 19.287 27.203 98.214 30.133 10.149 13.565 5.745 31.686 7.746 40.559 63.071 7.483 7.071 11.916 14.213 22.271 3.000 42.462 7.141 11.358 55.651 36.851 8.246 13.191 28.914 5.745 12.124 17.000 9.110 8.124 38.549 7.280 76.335 8.832 120.374 62.314 7.937 7.000 7.874 11.705 12.124 6.000 16.852 22.249 7.550 6.928 12.845 26.907 6.083 13.748 18.138 37.162 7.071 11.225 6.708 10.724 10.440 21.909 44.159 5.831 25.120 7.211 7.616 19.975 11.489 15.264 22.650 12.083 42.000 41.569 48.177 7.746 17.748 27.731 71.812 10.000 8.000 137.142 15.264 9.487 17.550 14.832 10.050 26.211 10.440 7.211 166.700 53.675 17.692 10.488 8.602 46.336 19.313 13.115 98.803 6.245 11.662 52.421 54.745 8.062 139.313 9.434 4.690 9.434 57.732 30.447 26.796 4.359 118.427 47.770 42.474 18.601 77.929 107.791 107.261 92.785 13.675 24.187 29.950 63.851 7.071 18.868 19.698 113.838 78.708 66.038 11.958 14.071 11.533 7.000 16.125 21.237 10.247 109.243 198.749 9.592 39.408 71.365 9.000 9.798 21.237 6.481 31.464 9.165 12.166 8.832 54.544 98.189 7.810 47.223 109.385 73.566 10.488 13.892 36.633 20.928 29.411 42.638 127.754 26.000 11.358 12.000 5.000 8.660 185.707 5.099 25.199 7.348 3.464 4.123 37.296 7.280 67.742 47.360 144.208 41.821 10.392 70.922 22.091 9.798 15.100 12.490 63.063 36.497 66.633 28.054 14.000 7.937 14.318 17.664 24.678 171.406 5.385 35.228 8.246 14.491 9.000 9.899 8.944 9.849 16.971 12.369 5.831 13.416 3.162 12.649 27.203 8.307 56.205 22.978 10.198 11.091 29.223 7.937 109.311 4.472 9.899 23.685 22.650 18.735 8.832 4.796 9.747 15.906 24.310 10.724 13.711 22.891 11.136 65.330 13.229 11.705 10.392 11.662 11.000 41.231 5.477 5.477 16.703 48.280 18.655 44.045 18.466 67.209 10.198 5.099 68.432 11.000 7.874 70.654 6.856 8.775 20.712 34.322 15.166 6.856 6.245 12.207 19.570 5.099 15.330 11.489 15.937 18.028 17.550 12.247 26.476 25.515 19.131 26.420 67.283 78.715 9.487 14.457 78.122 12.923 17.349 131.890 15.620 9.487 26.287 6.481 23.281 9.747 9.899 132.996 121.202 21.564 20.149 13.416 11.402 8.944 26.758 6.633 12.530 26.401 12.490 10.100 22.978 24.536 5.745 9.592 4.899 99.629 8.307 13.266 9.695 5.196 16.643 8.832 49.396 174.866 81.750 18.000 56.736 82.535 10.817 72.643 8.426 15.199 11.705 20.224 10.488 34.322 165.641 8.544 8.124 46.947 5.831 7.416 29.292 67.417 6.325 6.557 6.557 10.770 7.937 9.899 17.493 41.037 11.958 17.378 13.077 12.610 6.000 23.643 10.296 76.616 7.416 12.689 9.592 19.026 15.460 21.564 23.958 43.197 11.000 8.426 5.831 10.630 16.941 76.184 14.560 40.386 39.862 5.831 14.213 4.796 88.589 26.038 9.110 26.571 11.747 27.441 36.028 26.814 3.606 7.416 7.000 10.488 12.728 196.288 10.677 17.464 114.852 115.178 12.329 3.000 7.280 9.747 11.832 10.909 3.464 22.825 14.697 12.083 84.214 21.863 8.367 8.718 13.304 44.542 74.424 10.198 36.277 5.745 11.916 10.198 32.280 116.996 7.483 12.329 14.491 8.062 6.245 6.403 12.610 12.884 9.165 63.451 57.070 166.985 8.367 13.565 65.727 131.206 38.678 7.616 7.280 23.473 43.989 10.677 67.993 65.307 8.367 33.926 2.449 7.874 39.787 5.000 8.888 43.749 57.463 156.812 16.971 5.568 29.240 31.906 16.583 57.437 6.782 6.928 28.355 76.171 121.371 8.124 12.329 7.280 15.033 8.307 7.141 14.283 8.718 8.832 9.539 25.456 13.711 87.413 23.173 14.933 50.349 7.416 30.447 5.292 7.071 7.348 124.177 9.950 8.544 25.060 6.782 4.123 36.442 100.633 36.069 22.494 53.339 146.697 160.356 17.804 9.000 55.669 51.817 17.578 86.203 13.077 45.837 23.896 50.517 19.774 18.138 7.810 11.874 57.480 14.353 12.728 46.669  
0.000  
8.602 1.000 0.000  
10.247 17.292 106.156 18.466 22.338 54.936 11.705 27.350 40.324 11.747 21.401 101.868 46.303 36.442 86.908 117.907 73.682 15.166 12.767 4.000 11.619 5.292 87.521 6.633 82.079 11.533 6.403 68.125 35.299 9.798 10.677 68.264 84.569 8.602 10.149 7.681 7.874 64.560 10.954 13.379 11.489 72.450 42.988 24.331 9.274 23.937 44.900 12.042 130.889 16.583 86.608 21.354 7.211 14.177 11.446 19.026 55.471 42.615 11.747 105.276 17.000 20.640 43.370 8.185 8.246 20.149 20.881 21.048 64.722 6.856 18.788 137.975 9.055 36.688 170.687 8.426 25.593 11.269 14.560 14.422 8.660 66.573 26.796 5.916 69.296 9.592 46.744 14.933 29.597 9.644 7.810 139.693 9.950 87.590 12.042 28.054 62.642 5.916 54.387 25.749 93.113 8.660 9.000 109.499 202.527 24.042 10.583 9.055 7.211 6.403 252.286 18.248 19.596 18.385 64.591 53.113 34.015 56.098 39.013 189.307 13.115 53.907 6.000 114.839 17.804 6.928 23.195 30.199 8.124 59.152 5.831 10.909 50.190 35.567 41.207 29.698 15.232 8.602 13.601 49.082 83.150 8.000 9.798 52.192 11.705 7.071 55.136 21.048 17.117 21.237 17.804 13.379 187.643 34.424 9.695 13.856 10.954 13.491 75.087 13.077 8.660 35.086 32.404 21.024 12.767 24.290 201.025 11.489 63.285 218.248 23.216 12.083 12.124 113.406 9.539 11.358 12.845 6.782 8.185 10.050 25.904 11.045 137.648 33.882 8.832 4.359 9.798 144.962 7.211 43.977 101.025 5.385 11.747 8.544 29.698 75.954 6.245 17.720 7.616 14.765 13.820 21.142 37.510 30.643 217.134 26.344 74.088 14.353 9.592 4.000 12.767 106.259 30.216 50.744 33.451 6.325 59.422 213.586 15.969 18.735 26.476 30.594 153.568 45.607 51.088 113.481 14.107 97.647 91.591 10.488 17.664 39.166 34.612 10.488 23.558 7.416 41.545 5.000 16.279 8.000 6.557 9.000 62.338 8.426 15.906 10.630 16.673 231.402 18.735 17.263 23.958 16.553 100.225 10.198 24.021 257.058 13.342 9.950 15.395 27.295 13.304 58.344 90.416 131.271 24.207 39.887 8.367 9.849 91.750 53.954 129.881 41.231 122.723 49.659 19.519 33.362 11.180 13.601 8.062 23.601 7.348 126.519 25.807 210.644 111.459 6.083 5.385 11.225 25.397 20.248 20.567 13.266 15.716 10.630 17.804 38.781 12.806 21.863 100.489 11.136 48.734 26.019 10.440 7.348 12.845 78.358 17.000 7.874 39.850 19.157 32.512 92.439 98.539 84.167 84.024 120.582 32.985 59.363 22.181 15.780 19.975 106.822 35.256 5.568 4.243 53.684 6.245 48.611 18.601 43.600 50.309 6.928 7.874 15.652 8.000 11.314 11.225 15.556 5.657 148.916 124.800 46.282 21.401 11.136 17.176 80.536 5.477 40.804 11.269 15.199 19.950 16.912 18.138 33.985 44.204 111.982 52.393 17.436 9.899 7.810 19.799 19.698 16.613 80.790 11.269 23.937 6.782 37.041 12.124 125.184 4.359 7.681 151.555 16.523 26.192 5.099 146.175 68.044 44.755 15.524 20.050 9.055 18.655 9.000 118.072 34.044 273.038 96.685 18.221 171.161 68.352 12.923 37.148 9.327 25.000 11.916 15.492 8.602 23.173 137.554 7.280 14.353 78.288 23.875 20.688 4.796 5.916 14.387 40.012 116.396 23.431 17.804 13.601 61.766 14.353 43.932 14.697 39.585 18.385 8.602 12.689 34.943 5.385 12.247 128.429 17.972 36.865 9.695 6.481 8.485 34.799 232.961 11.225 13.856 14.036 63.214 19.468 7.416 2.646 152.561 9.487 14.071 51.108 17.029 69.043 16.793 16.971 50.596 12.728 10.296 9.592 65.506 174.863 58.966 6.164 82.861 35.398 11.136 192.151 127.008 42.379 32.016 11.136 7.550 29.069 29.120 117.809 11.619 6.856 9.950 3.873 6.083 25.397 14.799 15.000 24.597 9.849 10.149 10.000 113.075 23.043 5.568 18.974 49.699 12.166 9.487 16.643 6.083 16.401 15.875 86.389 117.898 10.909 7.483 50.537 7.348 12.961 16.492 22.361 9.165 11.136 5.385 56.595 13.491 8.775 7.211 18.894 65.879 34.627 14.967 8.888 36.249 17.550 11.619 42.154 8.544 80.169 34.000 7.937 18.028 134.507 5.477 113.265 15.133 70.965 23.409 27.386 23.238 51.575 7.681 20.952 12.961 41.292 17.117 48.135 8.888 7.280 38.380 9.592 7.810 12.570 9.165 8.775 30.578 14.248 138.788 7.681 9.327 46.400 55.570 10.000 38.158 25.768 18.974 14.765 24.290 62.538 32.435 8.246 4.796 19.235 26.153 10.100 39.064 12.884 48.249 13.675 14.967 4.359 26.627 36.633 6.245 95.833 12.767 6.928 25.436 16.733 163.334 7.874 20.761 8.718 24.515 106.348 62.865 198.131 9.644 15.199 39.141 49.860 9.539 8.660 8.185 70.349 64.923 14.832 120.822 10.440 77.227 33.897 128.297 24.739 4.472 13.638 5.385 11.958 12.083 26.077 11.446 12.923 20.881 43.058 5.568 11.832 7.874 17.972 187.206 46.744 113.662 9.220 11.705 6.083 74.572 13.820 5.000 220.154 40.939 11.832 18.083 8.000 45.684 19.365 14.629 90.785 12.083 21.51